beta 6
acceptanceCounter -3507.95
NCor 200
NCf 1000
NTherm 1000
AverageGamma 0.593684448125405
VarianceGamma 3.05468397798769e-11
stdGamma 5.526919556125e-06
0.593903816706274
0.593761971063128
0.59417687708451
0.593778363720342
0.593847595320101
0.594041909345222
0.593893962175253
0.593481910995989
0.593811925702075
0.59395292302302
0.593577359501672
0.59361374832296
0.593502045274831
0.593559433663963
0.593663160071298
0.593740741240964
0.593840639086344
0.593734054394337
0.593902867226674
0.593423555947945
0.593442709930885
0.593604494136171
0.593854376036319
0.59392870423578
0.593718891516504
0.593769970835197
0.594115062224121
0.593805803504693
0.593455578198047
0.593753597899018
0.593623095886805
0.593627873576152
0.593736884750456
0.593846733305363
0.593769555378142
0.593888265734356
0.59361454466368
0.593725613940735
0.593850008444794
0.593889484285109
0.593791227711923
0.59358706940254
0.593701462700937
0.593763516160546
0.593748122121
0.593864030501432
0.593535304403326
0.593545573614481
0.593800405837592
0.593875818221482
0.593611084242639
0.593718743250475
0.593988559700183
0.593427562710898
0.593383911455468
0.593523542551226
0.59363064613205
0.593535687988481
0.593513515801092
0.593775996863946
0.59363951715038
0.593431251490488
0.593814366877262
0.593695186704638
0.593702682814473
0.593469360453824
0.593819856022458
0.593654875934412
0.593925409873705
0.593812745280112
0.59381742525259
0.593592848143018
0.593514113082809
0.593971026443303
0.593737523440629
0.593184302109353
0.593794304051635
0.59362827034306
0.593910417796385
0.593958498012973
0.593678852689043
0.593754068803687
0.593698504760984
0.59343937502271
0.593609594079193
0.59361640463751
0.593854711029416
0.593492495630719
0.593580994255194
0.593842059515824
0.593916370424818
0.59381252975684
0.593577136766192
0.593744530278856
0.593891808199714
0.593453712083038
0.593553523325333
0.593411077817856
0.593628279816165
0.593592726473513
0.59365671467835
0.593597002429719
0.593479140727695
0.593661162670484
0.593549683194783
0.593689043889276
0.593677827241762
0.593792675779256
0.593659952112007
0.593884277833129
0.593846814294702
0.593895982669867
0.593709218572631
0.593944106177027
0.593572761614925
0.593844091014455
0.593500558087108
0.593617080910439
0.593652999401738
0.593713642464748
0.593659105803069
0.593990183334352
0.593652391497493
0.593633904984902
0.593480458778089
0.593702875103188
0.593649402564623
0.593313804329702
0.593509443285398
0.593928414561818
0.593484604102258
0.593679330480659
0.593602381312582
0.593394659745281
0.593972440770879
0.593545515384414
0.59370293470527
0.59398932643504
0.593629627562335
0.593608675925816
0.593756844788645
0.593655217916597
0.593773505685264
0.593741897304587
0.593652945997367
0.593989541462976
0.593888712277165
0.593809864493964
0.593957581544612
0.593484976857056
0.593594101005726
0.593812681962975
0.593834403848217
0.593304926253428
0.593794814004156
0.593941762085964
0.593180863825903
0.593619060816291
0.593303975959743
0.593640467353701
0.593697133892266
0.593740760901261
0.593770251632418
0.593900341102936
0.593582610777633
0.593532810387681
0.593684522871268
0.593460163943259
0.593897884980497
0.593744985429748
0.593702435261739
0.593805768484299
0.593917298655636
0.593552008851901
0.593644881838608
0.593558042591393
0.593568950555089
0.593927952510515
0.593762902192225
0.593667141611339
0.593543511149593
0.593966720103222
0.593833865044799
0.593673523131848
0.593706904857192
0.593851453293359
0.593614671942502
0.593860462749036
0.593516136548359
0.59358027157623
0.593552789957846
0.593468124773582
0.593794790257997
0.593424127049483
0.593782791530846
0.593318301097559
0.593556578047786
0.593563836951465
0.593894763706131
0.59368384649493
0.593698444646954
0.593239851948651
0.593800636887905
0.593887701861351
0.593383438279174
0.593669739006011
0.59380380904767
0.593709110480932
0.593634716550454
0.593886951677333
0.593506993529063
0.59388828615153
0.593819241945373
0.593933296957036
0.593625716552908
0.593670641102956
0.593858082338529
0.593451235838781
0.593841315736379
0.593688119174264
0.5935892145861
0.593741378456792
0.593515353554838
0.593609329199729
0.593512076857472
0.59388281682882
0.593618893893801
0.593687950036279
0.593992240339332
0.593856295818082
0.593462709045459
0.593668825684043
0.593606455559876
0.593519292622573
0.593597567330148
0.593725049206215
0.59318593297398
0.593911757256017
0.5937067586338
0.59346852074654
0.593671864386269
0.59355136586833
0.593910549784159
0.593826612805555
0.593638569158595
0.593769123116288
0.593537444126588
0.593578132063741
0.593653710088108
0.593264050618207
0.593764756853829
0.593905176932439
0.593698652845964
0.593880427325426
0.593553663859817
0.593463806931367
0.593932128245298
0.593682465279649
0.59367731941302
0.593760546282005
0.593705021567689
0.593694020465257
0.593728000084221
0.59351442342863
0.593617657913861
0.593810693393577
0.594083116791948
0.593698871880541
0.593982433489672
0.593777624019681
0.593793831264908
0.593929906923458
0.593618530496723
0.59338199225956
0.593832476847383
0.593557062349939
0.593555802016995
0.593493784038748
0.593735402412874
0.59371805662281
0.59362577732177
0.593965165452998
0.593857990538765
0.594018929673531
0.593800610560313
0.593808037757294
0.593821342883153
0.593555272401729
0.593548908291868
0.593542290653678
0.593506738362483
0.593434078471911
0.593180110833295
0.59355671463408
0.593745758128439
0.593872034987802
0.593277428527297
0.593709769083153
0.593555637967746
0.593859464514777
0.593327808787334
0.593671094535922
0.593826633991745
0.593700365664777
0.593833951420375
0.59358225031811
0.593740547389019
0.593747034041121
0.59394929778498
0.593426836237769
0.593617694658178
0.593427753196197
0.593785191736314
0.593546500478275
0.59354054027001
0.593466551990543
0.593514835551127
0.593793073666087
0.593662038043339
0.593528579716889
0.593337181756412
0.593589657549864
0.593596220638622
0.593595778480528
0.593699901955668
0.593528380340207
0.594045928643609
0.593603758338657
0.593496596813936
0.593730913699631
0.593813862109831
0.593520552192571
0.593521785211659
0.593828913241575
0.593592439403812
0.593846156293213
0.593529275931833
0.593782516731062
0.593775937703063
0.593458086519523
0.593624712773223
0.593695180885987
0.593456352813129
0.593877150028168
0.593524811125789
0.593744873262013
0.593566381008325
0.593956611371693
0.593875532089977
0.59362733030008
0.593756123851815
0.59389814819454
0.594123310254036
0.593722111993689
0.593772255638848
0.593756327221584
0.593634347048656
0.59359002666658
0.593757852996039
0.593819604544889
0.593365710651455
0.593644661896454
0.593632845596773
0.593927038699245
0.593598256690756
0.593510129716287
0.593594412698663
0.593516744348969
0.593653089890467
0.593703348769568
0.59367204732268
0.593986577453501
0.593533438010074
0.593584007209523
0.593886049041461
0.593743962141488
0.593499546794498
0.593744894543463
0.59369405109768
0.593574057790582
0.593821464934643
0.59376937512648
0.59364881503144
0.593836843087654
0.593720997531124
0.593849550079444
0.593856224584542
0.593696473221019
0.59353229137522
0.593467876665138
0.593572792329113
0.593589649291668
0.593935501409707
0.593789962121602
0.593801768829663
0.593802562528722
0.593846623171796
0.593450540838929
0.593751762146373
0.593952224744885
0.593700429756097
0.593702708597938
0.593796577965681
0.593723916842725
0.593598521653385
0.593614146583428
0.593556914952337
0.59343455522717
0.593564072347671
0.593664420007512
0.593563909950516
0.593775035801401
0.593674051253597
0.593292830393473
0.593600778422195
0.593805699123413
0.593743752813185
0.593347187190229
0.593528905120309
0.593756157288788
0.593806921796925
0.593743547834227
0.593490515209696
0.593922582811281
0.593619667709081
0.59365815219869
0.593430241461575
0.593742502446633
0.593561198511639
0.593863259386078
0.593632714720982
0.593973231480484
0.593582734183411
0.593813347366151
0.593521102454986
0.5939975777569
0.593874612840777
0.593615253950531
0.593823313759025
0.593653501656849
0.593630871057681
0.593799836054518
0.593877382738102
0.593502400892771
0.593443382835012
0.593949976852567
0.593544864266402
0.593615979047716
0.593395350518693
0.593671762346987
0.593868233758594
0.593732263204997
0.59364048153148
0.593819736856262
0.593706380396122
0.5938558878278
0.593641595134679
0.593659050435674
0.594159240756167
0.593587137034351
0.593647438945312
0.593568530361661
0.593972626076905
0.593389193270255
0.594017049469218
0.593709529091978
0.593700542114931
0.593816440979077
0.593521516257505
0.59350268099624
0.59357232332956
0.593608687049504
0.593776762395955
0.593568405488613
0.593331926241323
0.593652820632717
0.593932295504355
0.593770464648447
0.593778748893458
0.593731267422197
0.593566697549534
0.593715177557114
0.593522247550285
0.593741213731632
0.593496641852818
0.593566524111365
0.593698210353863
0.593591502497549
0.593596023709697
0.593466629824315
0.593491144290189
0.593568351008658
0.593609434542904
0.593525660942076
0.593555305487004
0.593634367639962
0.593958479217053
0.593776130834685
0.59334852543772
0.593534235253366
0.593750311122927
0.593633659416784
0.593802134082876
0.593892246521893
0.593394118241816
0.593538016764681
0.593635304519507
0.59372067045567
0.593868116746376
0.593787411644539
0.594015671660966
0.59384562154132
0.593706475243084
0.593579842600257
0.593543337435616
0.593659590919161
0.593659016333372
0.593329677247265
0.593734346273266
0.593613113718113
0.593678727994082
0.593586860253426
0.593362735763402
0.593536928636376
0.593824006697268
0.593885556668727
0.593775780391938
0.593621334548577
0.593869272842603
0.593387333212054
0.593694582455227
0.593489014600385
0.593621369661554
0.593320501296926
0.593163642591372
0.593693754158729
0.593794962240856
0.593644588340889
0.593585289265417
0.593821240340312
0.593697987104556
0.593758970621719
0.593589742967476
0.593916115098799
0.59358187290794
0.593425468079875
0.593711833136316
0.59375529934634
0.593737238818938
0.593643249315281
0.594264689900832
0.593716431694294
0.593572538211528
0.593708855412049
0.593642227386209
0.593307474618654
0.593631181087809
0.593544232398369
0.593905183027158
0.593682205012596
0.593551597038598
0.593665118922758
0.593543150048897
0.593442876944772
0.593855003308736
0.593778391838738
0.593537178582698
0.593428688759861
0.593933156998721
0.59368860299637
0.593635866053762
0.593565658361287
0.593787794088144
0.593931645095463
0.593496236933786
0.59359498828688
0.593748591669352
0.593748478370201
0.593671662477228
0.593935816114387
0.593648743821795
0.593725706211275
0.593601449007718
0.593785313515365
0.593617590215346
0.593460415558411
0.593748822580233
0.593807952011413
0.594116557753246
0.593948841083611
0.593717422630287
0.593681969871513
0.59351424081697
0.593488878554894
0.593759659830645
0.593653336421931
0.593395558250731
0.593714875534531
0.59352869401233
0.593779605862654
0.593813165405478
0.593609403519939
0.593663421295532
0.593711924240857
0.593521249018751
0.593821700652668
0.593689325344478
0.593564174656563
0.593741294656416
0.593951609794656
0.593832337450974
0.593440464978012
0.593554094688893
0.593908269187413
0.593729738462546
0.593317150869837
0.593627932787579
0.593820915054049
0.593758110132834
0.593872723068339
0.594179296740051
0.593990189900868
0.593515143477972
0.59352484467089
0.593576629796879
0.593844044002854
0.594050342230125
0.593704883690165
0.593563113277826
0.593581638553033
0.593645699324684
0.593964795947221
0.593402039097903
0.593469378942704
0.593964585636949
0.593718178491686
0.593689743069979
0.593670522775442
0.593655300180436
0.593703862506412
0.593595313767591
0.59366192616228
0.593714538187398
0.593839912870169
0.593764250493469
0.593685639963358
0.593729872924409
0.593475727940655
0.594046660413885
0.593724960034006
0.593895060427303
0.593576431472104
0.594003513671926
0.593685067015231
0.593568106937953
0.593426329273003
0.593762034911593
0.593755575286673
0.59345563737647
0.593966433641459
0.593801483856787
0.593827881592274
0.593719668405158
0.593578142106525
0.59356262861837
0.594017631899278
0.593612826562815
0.593474968545733
0.593870393573056
0.593539843573249
0.593515999223752
0.593600670555028
0.59377353776718
0.59379949975161
0.594015954292231
0.593716319395918
0.593593725203159
0.593927250466105
0.593998759892422
0.593884644255762
0.593878768545694
0.594010784046763
0.593620479927239
0.593864685518189
0.593870125480719
0.593681863093931
0.5941433767083
0.593689360868569
0.593742720570007
0.593773654242246
0.593690855114228
0.593641409462691
0.593819583350852
0.593435793989342
0.593595532450919
0.593711508542491
0.59399426225847
0.593928438096645
0.593588205478606
0.593510777756822
0.593793179303602
0.593601553615653
0.59367286560598
0.59367612108595
0.593774435687404
0.593701859619792
0.593698464533404
0.593669790695327
0.593692791855852
0.593287340230781
0.593728201302478
0.593650583128505
0.59352857780551
0.593566250128091
0.59379725104119
0.593772424042616
0.593322560457888
0.593646308670906
0.593533473088654
0.59351096541655
0.593658710039773
0.593650887431413
0.59339466388307
0.59353534040113
0.593624594451098
0.593738972112809
0.593570818162207
0.593716615346044
0.593704509627054
0.593538061851797
0.59354804176013
0.594055014816673
0.594014855870968
0.593745703493728
0.59367944255099
0.593574111844173
0.593484191715099
0.593380658130505
0.593620395314075
0.59376619656614
0.593752525459613
0.593745370941644
0.593615609028735
0.593627396933026
0.594103601489626
0.59372391840777
0.593797798142248
0.593990133657661
0.593559043926666
0.593731243877276
0.593554993727614
0.593879755464141
0.593646254887319
0.593874938791545
0.593705773212446
0.593704444883731
0.593702133895816
0.593596629781789
0.593713969046298
0.5937520003281
0.593509628625482
0.593388039123523
0.593591148094159
0.594042033751606
0.5936249355119
0.593905469879172
0.593849046721045
0.593470571369198
0.59385120321956
0.593205554872064
0.59389062583729
0.593540444327446
0.594104434511975
0.593605691473991
0.593694078891829
0.593525958419421
0.593757221715924
0.593718311076
0.593833809611384
0.593705498061507
0.59338724759229
0.593768154744152
0.593752934014586
0.593735639829617
0.593590653037912
0.593575516498415
0.593675324435238
0.593768939799211
0.593395613236334
0.593836809219452
0.593462490661319
0.593680660553893
0.593525593138432
0.59376531707344
0.593473383725323
0.593746454470395
0.593681424113463
0.593510715350945
0.593886464250737
0.593453447461134
0.593726222710667
0.59394455368148
0.593462626650829
0.593545819916407
0.593424891790288
0.593852227253217
0.59355126322658
0.594130861968287
0.593894915668922
0.593690664107767
0.594132181350334
0.593289665458305
0.593833352730311
0.593737566672829
0.593967411393704
0.593630967866451
0.593569567863143
0.593490764832107
0.593856007707609
0.593737582412712
0.5936665638677
0.59355482347062
0.593665047536702
0.593760446814483
0.593887821185628
0.593760665260945
0.594046307802491
0.593805428245516
0.59343910539445
0.593683537468865
0.593799091249008
0.593717819917151
0.593507186479937
0.594057439087971
0.593744190524489
0.593901851053588
0.593830802964116
0.593503383932422
0.59357145755395
0.593487820159995
0.593624970481184
0.593558535712381
0.593862094105169
0.593877430372099
0.593709220815226
0.593751672741933
0.593896947862682
0.593789591595735
0.593426038465731
0.593510634616906
0.593210327082856
0.593930968174867
0.593321314454933
0.593586270749627
0.593625955927176
0.593509651481766
0.593975760755577
0.593591922858771
0.593797695301968
0.593734457374338
0.593758832518562
0.593656416968569
0.593301028953321
0.593599522230168
0.593717976633781
0.593666242800215
0.593600393833347
0.593614036551054
0.593713465068522
0.593619860987938
0.593658998619448
0.593901949189142
0.593727424581892
0.593732954231052
0.593788606371699
0.593778103077027
0.593658411577678
0.593661976854191
0.593796002508457
0.593856632810743
0.593748303051695
0.593634516329249
0.593652493837854
0.59372617008008
0.593603602593069
0.593921236278078
0.593622494013747
0.593660373718536
0.59341574437799
0.593842352740128
0.593573384011224
0.593752935383188
0.593491775679028
0.593647222214909
0.593546091055393
0.593556064099776
0.593433038802517
0.593503405516417
0.594066479963206
0.593643228618253
0.593871561431575
0.593642932151143
0.593664189535234
0.593642771027809
0.593574715327196
0.593758452527828
0.593527036414596
0.593526180267757
0.593625650090604
0.59359881864162
0.59341358927317
0.593947028448971
0.593565124022447
0.593562433365086
0.593825289205402
0.59362578639736
0.593632928026482
0.5936858295714
0.593601078488259
0.593629371530049
0.593480346254569
0.593541210287344
0.594027526399219
0.593328132028916
0.593911257495434
0.593438507610573
0.593996531689106
0.593610602849101
0.593452316491954
0.593415218685334
0.593441598329032
0.593724938739654
0.593829817453367
0.593583843638716
0.593868618860472
0.59367747953453
0.593829435806602
0.593826428482904
0.593937986894055
0.593353401844754
0.593627215317106
0.593656656484456
0.593543065347516
0.593576216784598
0.593758664586814
0.593993044046457
0.593837971706952
0.593706665601573
0.593658771734223
0.593491162723107
0.5935142336756
0.59386482943723
0.593679827281282
0.593495448998843
0.593901792427269
0.593759549374991
0.593578916717225
0.593368014318963
0.594081011613069
0.593798721263779
0.59348698050382
0.593847466426529
0.593575464579248
0.593727077789883
0.594226596766795
0.593692071212729
0.593982048476215
0.593585583610756
0.593690426820179
0.59345317256701
0.593918057017617
0.593626680640661
0.593528444834903
0.593477073133057
0.593715468678798
0.593471435082937
0.593621457350442
0.593603300355389
0.593733690516094
0.593617463891051
0.59347002393135
0.593918672432515
0.593509264024291
0.593716268780233
0.594039489792531
0.593413554096786
0.593741619300658
0.593653487691045
0.593860471412052
0.593669604741024
0.593567264673099
0.593780497677364
0.593513125826596
0.593717728711977
0.593653815637332
0.593577788690616
0.593587776143941
0.5937612577972
0.593845927357678
0.593611573617704
