3.52883909525204 -2.37178999773443e-18
0 -0.215765552571209 2.19168904967652e-18
1 -0.55485037804637 9.28769805016124e-19
2 0.00013843941369607 -1.54690550272714e-18
3 0.419501836945246 1.87871628249461e-18
4 0.0854453435044122 -7.15844478251662e-19
5 -0.758089508988125 3.44276480578653e-19
6 -0.276090852535711 1.28896633723315e-18
7 0.199736074407931 2.41203801238017e-18
8 0.270083057771974 8.25139280200288e-19
9 0.169932747052014 -1.85333431337305e-19
10 -0.114521246337641 3.56333452301274e-18
11 -0.593847688657579 1.24862981825722e-18
12 -0.376201704809093 -1.63967949637179e-18
13 0.220525754140637 2.0775452832127e-18
14 -0.000469614341957774 -6.30408298165398e-19
15 0.182509196044144 -3.57604696316872e-18
16 0.247426634191537 8.58888931449835e-19
17 -0.0505169506018817 1.23367526840284e-18
18 -0.550502414526286 -2.15811104318857e-18
19 -0.388954424328027 -9.04653716011362e-19
20 -0.0667061880173112 -1.16975905030214e-19
21 -0.163939501281948 -1.25051791063481e-18
22 0.177076070496386 1.06566723018951e-18
23 0.649594433161732 -3.93701589681294e-18
24 0.368469302332914 -1.04428672957274e-18
25 -0.173081742189916 -2.03429080328957e-18
26 0.24834755927823 -1.67327895845494e-18
27 0.918297070007096 -2.65901336872697e-18
28 1.05276910710433 4.63483767509663e-19
29 1.00565755432372 -1.18008187354272e-18
30 1.11663858284506 1.58651253146628e-18
31 0.48022809946403 9.13321776472148e-19
