5.01398808455199 -5.82345619357954e-18
0 0.0379962862662702 -4.69748801308053e-19
1 -0.266209334213845 -2.1400883432206e-19
2 -0.153360252758039 6.67269010718939e-19
3 0.254082764299864 1.70649221982449e-18
4 0.109856949186039 4.96568295308011e-19
5 -0.525029941284243 4.89080292583222e-19
6 -0.327175289596658 9.84296885393635e-19
7 0.124053081194704 4.25185530077724e-19
8 0.215242851759814 -2.85316504969146e-19
9 0.207032910174741 -1.82771633270429e-18
10 -0.111527060411739 1.28804374663955e-18
11 -0.392928276286723 -1.63169801495741e-19
12 -0.156218649665678 1.05046594099033e-18
13 0.383943308260155 -1.54218527178315e-18
14 0.217635795606859 -1.70889524648688e-18
15 0.0641133195991813 -6.9788614506929e-19
16 -0.00880608222446493 -1.49348107067923e-18
17 -0.337594108616487 8.6803437890382e-19
18 -0.503394055331655 2.05287134873274e-19
19 -0.248258342498595 -5.56944340200715e-19
20 -0.169227705384001 -4.93006666504816e-19
21 -0.329983941811562 1.32651362883309e-18
22 0.131020143443742 -7.02155808514084e-19
23 0.65650791145763 -6.85291710686911e-20
24 0.382983317271502 -9.46417032068095e-19
25 0.174733846001767 -1.57827358290949e-19
26 0.466683799667097 -4.43916264687294e-20
27 1.01579343510375 -1.70546235125489e-18
28 1.18336212380548 4.20776405264131e-19
29 1.12937900898557 -8.4908372444345e-19
30 1.15778338625807 -4.92856477338417e-19
31 0.631496886293452 -1.33238709801908e-18
