6.15999896982006 -1.67319179509944e-18
0 0.286227296089612 -1.11536911647023e-19
1 -0.0389738387049749 -7.55612423954799e-20
2 -0.0378753694594962 2.21207186511648e-20
3 0.107962546095656 3.50308184779243e-19
4 0.147452269848645 -3.55905413177034e-19
5 -0.0210208846381649 9.5638315603848e-20
6 -0.161641880195839 -1.17877040028613e-19
7 -0.20055236018997 -2.54581364845195e-19
8 -0.242846164646106 1.45431388164169e-19
9 -0.354054017233518 -3.99315446165365e-19
10 -0.408301617810435 -2.32098583025031e-19
11 -0.311969552835342 -9.50590145334489e-20
12 -0.0380416521320793 -2.47297190274807e-19
13 0.290292571027552 -2.91592266565136e-19
14 0.311347647884902 2.08709302307668e-19
15 0.121207224344341 -5.92388983471058e-20
16 0.144038825401628 6.33315531314993e-19
17 0.0717367509570722 -1.41091994034976e-19
18 -0.187522398930043 -1.0076620285664e-19
19 -0.324668675060325 -5.55860832643116e-20
20 -0.339961530040297 -3.56758273086233e-19
21 -0.210960213190007 -1.04853493742233e-19
22 0.0314039497910987 2.14545224202059e-19
23 0.211183046138056 1.61089949736044e-19
24 0.291988178822104 -1.85837637824505e-19
25 0.440579416692745 -9.91838527106423e-20
26 0.82680575509595 1.71054732731728e-20
27 1.22342577424327 -2.72389508861167e-19
28 1.25573154273242 -3.76288228617002e-19
29 1.24618598237147 -4.24284395079326e-20
30 1.19019785490185 1.35298983330985e-19
31 0.840622492448286 3.18492219047094e-19
