5.66078735836008 3.60577369031827e-19
0 0.236837137055116 4.42897123915296e-20
1 -0.168857936045584 -6.918356672229e-20
2 -0.116162700161239 8.55863692526639e-20
3 0.142937347330334 3.84763188720988e-19
4 0.161115338885887 -3.56785092580233e-19
5 -0.104521900738454 -3.21887566987488e-20
6 -0.237084396400609 -2.3898314713482e-19
7 -0.141441519869631 -9.3117283167852e-21
8 -0.143709329137066 9.23180622466532e-20
9 -0.197156934140765 7.99435477150729e-20
10 -0.305497790637281 -2.41471996178016e-19
11 -0.292123764396902 -1.65674742235337e-19
12 0.0137933726217813 1.3846368362298e-19
13 0.399732744902664 1.20635424986508e-19
14 0.378782966668575 1.18813040369211e-19
15 0.0890243920020496 2.6417201589958e-19
16 0.0433698630673163 5.00473213634404e-19
17 -0.0542444335837214 -2.24784907011243e-19
18 -0.31423159403115 -1.58328882828748e-20
19 -0.333144628269223 -5.27711091740761e-19
20 -0.334137571912599 2.62053275873583e-19
21 -0.234082705720079 -5.95355219507454e-19
22 0.101895838287162 4.34926370298509e-19
23 0.307797815172154 4.31579297447314e-20
24 0.281040355339115 1.67932943630133e-19
25 0.321688482045415 4.14071531764142e-19
26 0.603084282170936 -2.75752673408762e-19
27 0.949390478198905 2.22001043534047e-19
28 1.17301285463073 4.49816553367285e-20
29 1.25808790210592 -6.65123451198943e-21
30 1.28206994974922 -3.0803798028591e-19
31 0.893523443171104 9.71938462558455e-21
