6.38344811807592 8.44089934660656e-20
0 0.304792907797036 1.889889283695e-19
1 0.0493389460966421 2.25412483170842e-19
2 0.0146718670059132 1.16251778692215e-19
3 0.0982454436819154 -3.5209168113024e-19
4 0.132358843773692 1.05808267728632e-19
5 0.00103957179073821 2.8334795410955e-19
6 -0.148017696603796 -2.2018804573965e-19
7 -0.213604766682317 -1.50215985893761e-19
8 -0.24912923053319 -8.84292356166594e-20
9 -0.34575168478722 -8.61227591326631e-20
10 -0.387357784882939 1.5726146696755e-19
11 -0.280378911403546 -4.05591207761355e-19
12 -0.0527099002293257 -1.77877612005317e-19
13 0.203102351717145 2.38478940647621e-20
14 0.241684781588522 2.56297812461193e-19
15 0.141671002575724 4.03628020800558e-19
16 0.189297332670924 -2.15113797474858e-19
17 0.138250341313723 1.06205196239831e-21
18 -0.104437650895478 1.69445563091731e-19
19 -0.277170534036422 -4.06959001955353e-20
20 -0.316553369272459 5.20485920057173e-20
21 -0.210370615498022 7.05942721066878e-20
22 -0.00704519057739844 -3.28233059267878e-19
23 0.175015663447621 2.15231803248458e-19
24 0.314815193044973 1.45216832212169e-19
25 0.522699985681088 -9.31387387630519e-20
26 0.874527928530374 -4.86773816099226e-20
27 1.201834554219 -7.61727268586789e-20
28 1.262029606819 -2.68511410028773e-19
29 1.2233999638528 9.51555647118487e-20
30 1.11457180032772 2.02750010740878e-19
31 0.772627367543482 -7.68807615002778e-20
