6.41300894398174 8.28202066415083e-19
0 0.316774497366128 2.82466933731651e-19
1 0.0796615285412188 2.24829159176343e-19
2 0.0315069819474911 1.66192358469536e-19
3 0.0963903937209147 -1.47748592445765e-19
4 0.125521402808284 -2.53294029133197e-19
5 0.00312067717136736 -2.16415883908556e-19
6 -0.145574066177361 -2.68905656590573e-20
7 -0.215978399767558 -9.93394057758421e-21
8 -0.251961624228919 1.46949371524566e-19
9 -0.345676267401078 1.85617717973705e-19
10 -0.379544006860492 6.67376288694939e-20
11 -0.266037427379146 7.11655273288869e-20
12 -0.0546661006880287 -1.5077919526776e-20
13 0.175006005579047 1.0084129743984e-21
14 0.220883651208442 1.73125197668525e-19
15 0.151542802765034 4.72908137701248e-19
16 0.199028017566477 2.02433540711678e-19
17 0.15176155475153 2.7677717807956e-21
18 -0.0794253007673451 -3.00954951920522e-19
19 -0.259718902554939 -3.79973227092596e-19
20 -0.306605712766844 -3.50015852294644e-19
21 -0.209010380214702 1.62939153847341e-19
22 -0.0169494657671289 1.77904431499317e-19
23 0.166508115553877 -2.29848427478435e-19
24 0.322758577017208 1.18378564566412e-19
25 0.543161566148026 1.0700978105983e-20
26 0.882885906867113 3.56876278859833e-19
27 1.18926160220931 -1.88203117195301e-19
28 1.24853011235513 2.53621226959997e-19
29 1.20637516884422 -4.14843933191341e-20
30 1.08523005469011 -3.35055938541467e-20
31 0.748247981444367 -5.50738309289125e-20
