6.43614618618431 2.80649913013154e-19
0 0.332381526741704 -2.91270432637137e-19
1 0.109444334115543 7.96471923063734e-20
2 0.0476551110406681 -2.96516325663529e-20
3 0.0950641319909647 1.15887033573816e-19
4 0.118272028894653 8.15017603164704e-20
5 0.00342134478050633 -5.92469441953058e-20
6 -0.143766547089315 1.16112317323415e-19
7 -0.217955156190528 5.98128355187049e-20
8 -0.255130222607219 5.84450413247071e-20
9 -0.345896011727348 9.32674723342517e-20
10 -0.37117284526793 2.01843511843679e-19
11 -0.25160288019692 -1.18571664923212e-19
12 -0.0560614418660525 -1.26920573405398e-19
13 0.148837772789121 -3.72616639888408e-19
14 0.202011034657613 -2.8332113461555e-20
15 0.16127207452341 -3.93871088883374e-20
16 0.207325086422444 2.21223278208048e-19
17 0.161912275200989 -2.07234230137671e-19
18 -0.0575019849973693 -1.99118651253283e-19
19 -0.242925847895923 1.24276171297002e-19
20 -0.296167393108867 -1.65355590256737e-20
21 -0.206357268684962 2.05279089025074e-19
22 -0.0244763172927721 -1.59629628287746e-20
23 0.159911774225201 2.82006979409552e-20
24 0.330112955676106 -1.41274366594175e-19
25 0.560374418189927 2.17801110773654e-19
26 0.88868972572189 -5.24133371241167e-20
27 1.17651063693066 -4.74061375943246e-20
28 1.23371820636319 2.50172240031602e-20
29 1.1873657392468 2.11064053880864e-19
30 1.05514519819805 1.32692128514189e-19
31 0.725734727400079 5.45213493525133e-20
