5.55778614077974 -1.54201094507215e-18
0 0.162427757702317 2.65813368932377e-19
1 -0.216273963987642 7.72227100487772e-19
2 -0.152808808778856 6.08019384574233e-19
3 0.17285106961568 -6.32832780422994e-20
4 0.160364049723401 -1.26813295429398e-19
5 -0.14757207488152 2.97956532491326e-19
6 -0.17941829779801 2.30722742982833e-19
7 0.0313677359167832 -8.72792157139412e-19
8 -0.0140617053946322 -4.2155953448893e-19
9 -0.0799514100011179 -4.47510076883289e-19
10 -0.218099885409623 -7.65208438907984e-19
11 -0.289339894261616 7.2360603981525e-19
12 -0.000999183232665005 -4.9058218424722e-20
13 0.480780826925457 -4.09994968676148e-19
14 0.358762371108672 -7.32300919770036e-19
15 0.0394426499922477 1.11246456527003e-18
16 -0.0720625175850542 -3.74786336953004e-19
17 -0.365091803709313 2.09878632246066e-19
18 -0.447591011917136 4.05403471303356e-19
19 -0.260009506612083 -1.6996049737653e-19
20 -0.291662833071936 6.43635672606177e-19
21 -0.277212701060207 -1.40716521118976e-19
22 0.15193750826759 -3.97336167508168e-19
23 0.42921191800154 -5.94341442634255e-19
24 0.286673809705145 -4.29111903999318e-21
25 0.254030094105245 -1.48869647294963e-19
26 0.572037519453498 1.67611109702134e-19
27 0.963792939816642 -5.13968783015183e-19
28 1.1729054289601 -5.65698223042301e-19
29 1.23724534978034 5.53017966279121e-19
30 1.27417291958402 -3.75097443083404e-19
31 0.82193778982248 -3.5878046293383e-19
