3.94844990029351 3.49193244774677e-17
0 0.101113545937334 -2.99245477372964e-18
1 -0.504217503750616 2.11025219253553e-17
2 0.526269110571702 -5.39058956042023e-18
3 0.138469103118266 2.21456071415968e-18
4 -0.118375782393205 -4.153116651667e-18
5 -0.619608863922835 -5.73121858981489e-19
6 -0.23205871601144 1.26872941984054e-17
7 -0.00211338893888972 5.57982791008393e-18
8 -0.0159328243718301 1.11170879192911e-17
9 -0.165693071768303 1.84037513387227e-18
10 0.51072330957113 9.90930955429465e-18
11 -0.558965817867912 -1.081224682269e-17
12 -0.597215582775314 9.435312545137e-18
13 0.181113333725086 -5.62994818047105e-20
14 0.0603466390752289 -6.3551472982299e-20
15 0.338478008472737 -2.79952606169155e-19
16 0.118740798567595 -4.14247467644781e-18
17 -0.252534052178528 2.81497409023552e-20
18 -0.0486035182913559 -3.04188846507036e-18
19 -0.718227683253593 -2.08531220867509e-18
20 -0.045863287803099 -3.66976500300217e-19
21 0.0991714225253841 9.01598439254887e-18
22 0.172389408347498 -4.30450733139796e-18
23 0.71321026825839 1.12181866838734e-17
24 0.471799512252087 -1.45235498579993e-17
25 -0.421485487688986 -5.96259572845132e-18
26 0.247514387426993 4.54583986620717e-18
27 1.09664731827025 -1.2839714746706e-17
28 0.846483916911175 1.04495185302394e-17
29 0.846324452925429 9.17097961227342e-18
30 1.0500494623512 -1.20760672023488e-17
31 0.730501483001932 2.68795696665173e-19
