6.20060025719261 2.30831563079738e-18
0 0.287132056046411 -5.48780486227128e-20
1 -0.0335935066445991 9.29188189122523e-20
2 -0.0346006969033723 -2.75060730463563e-20
3 0.107131566255683 1.37246078595382e-19
4 0.14678316198585 2.68645507498773e-19
5 -0.0188203136137784 -4.55006125456277e-20
6 -0.160380114915899 2.10701990711865e-19
7 -0.201793207984431 7.69893804509776e-20
8 -0.243293978010553 -9.11111850166552e-20
9 -0.353043782134949 -9.60245163174474e-20
10 -0.406999048836191 -6.77621335402923e-20
11 -0.310729742856999 -4.37383035948905e-19
12 -0.0394524558749497 3.41143963679458e-19
13 0.285024271727493 6.37231177438987e-20
14 0.306792639015003 3.2698863474628e-19
15 0.121731060554142 -3.85986157647386e-20
16 0.14761772858051 -1.08801323259027e-19
17 0.0768640940376306 1.62445675157742e-19
18 -0.182394984559928 2.18632515087652e-20
19 -0.322217667753688 2.16728331013655e-19
20 -0.338909970500245 1.65952323998236e-20
21 -0.210891482883427 3.24644610970684e-19
22 0.0288302507730977 4.51929929494482e-19
23 0.208504452904294 -1.0700441716103e-19
24 0.293163195796633 3.74357225049005e-19
25 0.447213489222618 -2.17184262411655e-19
26 0.837452082497888 -4.42779118141696e-19
27 1.23308243923894 4.05714577433755e-19
28 1.261846683757 2.29188667926036e-19
29 1.24590315309778 1.87194704220902e-19
30 1.18581230408852 -2.518350486596e-20
31 0.836836581086118 1.59012779925747e-19
