5.61730552838573 -1.35220402213565e-18
0 0.20828503021751 -2.86303462348345e-19
1 -0.195088542520592 -1.54265729487755e-20
2 -0.134219587638979 1.18842541812611e-19
3 0.15546909699984 -2.61479338701984e-19
4 0.164020009125372 -3.53008907825039e-19
5 -0.116732501140959 -3.40044364425459e-19
6 -0.218795544286963 3.88646651452182e-19
7 -0.0776800503916411 -2.97267271495527e-19
8 -0.090172316380778 2.40710322548417e-19
9 -0.128913331762337 6.07665367253434e-19
10 -0.261846022658593 7.36710044583629e-19
11 -0.287155964566431 -7.39837197584024e-19
12 0.0147264312375359 6.47315307182971e-20
13 0.432104780035359 8.13424525221107e-19
14 0.363349480154458 -6.57721270854954e-19
15 0.0525364692184201 -1.64993527087738e-20
16 -0.0212830412974146 -8.02246160121925e-19
17 -0.172667480001869 -7.6121233430199e-19
18 -0.371335544653236 3.57986605911431e-20
19 -0.305051956635909 2.38382390469221e-19
20 -0.318839508014693 1.11461817063823e-19
21 -0.252187161224024 -3.97582906852968e-19
22 0.125088844035484 -1.66355957382936e-19
23 0.352014817474665 8.4277577945466e-20
24 0.282851161548853 2.71112900946769e-19
25 0.295041869606773 -3.89569242045781e-19
26 0.587630468157981 1.46874276941367e-19
27 0.948116365123718 2.05437324039673e-21
28 1.16786254629073 3.37711068447463e-19
29 1.25385765534123 -3.37560879281063e-19
30 1.28937098778451 1.55821260139752e-19
31 0.876948069207707 1.15685887368816e-19
