5.72467704726782 1.88127083929811e-18
0 0.278621520221642 6.07729734039034e-20
1 -0.0773525114687042 4.65876066374459e-19
2 -0.0610937361630904 1.51294129552559e-19
3 0.115068870975297 -1.04000633833035e-19
4 0.151473387099576 -1.03362329875836e-19
5 -0.0403946211961049 2.64933689529179e-19
6 -0.173383224457802 4.56800349604874e-19
7 -0.189160543203071 -7.19727940982856e-20
8 -0.237476744872149 8.34622653278673e-21
9 -0.363719369794095 6.7917418410552e-19
10 -0.418546923900028 -1.56346922222151e-19
11 -0.317571224027851 -3.12951311586702e-19
12 -0.025732664441183 4.32759355183312e-20
13 0.326415608037719 -1.91351725790896e-19
14 0.344462648652212 1.87200068119702e-19
15 0.120694995275251 1.91957846355295e-19
16 0.116534250925104 -7.04108267677281e-19
17 0.0337664640185043 3.13450154175102e-19
18 -0.223240106082948 1.18005773599812e-20
19 -0.339094536652249 -2.60696209477186e-19
20 -0.345314977328665 -2.56898569126792e-19
21 -0.2124404077279 -8.82468630574597e-20
22 0.050104501232464 -1.54415918654155e-19
23 0.232111926711333 2.21244733803248e-19
24 0.285634508731003 1.16774758825214e-19
25 0.397653317152525 1.66334501787736e-19
26 0.702389705424037 8.60221860301633e-19
27 1.04451241189015 -4.72269833744049e-19
28 1.21285122255552 -2.68194939999574e-20
29 1.25047198825877 3.99889383336964e-19
30 1.22102523096798 7.69826755774776e-20
31 0.865406080454562 1.08381598177928e-19
