5.53463844179912 4.5292788286622e-18
0 0.146561848553735 3.16834774317896e-19
1 -0.220054488406993 -4.18083728066535e-19
2 -0.156747482973929 -2.19716022645251e-19
3 0.179625997235261 2.03913976780476e-19
4 0.151737023333259 -1.39836841715778e-19
5 -0.184659501038467 8.31221941439479e-19
6 -0.200427881194401 9.48659141766492e-20
7 0.0510199620459944 6.95665490966094e-19
8 0.023025764981258 8.6841521571862e-19
9 -0.0437855053520622 7.55773340918799e-19
10 -0.198179534246364 -6.17749496997418e-19
11 -0.2944477186553 -2.48884904319604e-21
12 -0.00810479592939039 -1.58943049241347e-19
13 0.489891877379558 -1.37678408838661e-18
14 0.352088099857037 6.06903693623835e-19
15 0.0392738384302946 5.67661410003098e-19
16 -0.0712935212418868 -3.15483071820298e-19
17 -0.385919783973028 2.06992854691671e-20
18 -0.466522363363265 4.32609166016912e-19
19 -0.250787133015479 4.20154193003332e-19
20 -0.280112046522337 -2.44229040161212e-19
21 -0.284703475735567 1.07805783641749e-18
22 0.155587391632008 3.25159545255483e-20
23 0.459351601540892 -3.49211267474645e-19
24 0.288342766277187 -2.80306623489954e-19
25 0.239628262570417 5.83248899915873e-19
26 0.566162282055924 2.515883093148e-19
27 0.973229575007718 6.38749160799385e-19
28 1.1769378241549 -9.26270228175328e-19
29 1.22819388780925 2.25954236949641e-20
30 1.2626345260456 7.33556072089234e-19
31 0.797091144537296 4.23351076688127e-19
