5.56432967778146 4.28045829112819e-19
0 0.25113300597578 4.34690358751309e-20
1 -0.148699298998973 9.71187516726456e-20
2 -0.103642074794847 -1.49422128871362e-19
3 0.13517981236324 1.33700541488587e-19
4 0.158482923203597 1.09343077037826e-20
5 -0.0910717238900041 -4.7148670451925e-21
6 -0.217966844803179 5.38763405218144e-20
7 -0.155034856404226 3.73155711717807e-19
8 -0.177454192497943 1.92880436948893e-19
9 -0.297908085400028 2.35882813628425e-19
10 -0.372358765824789 -1.92574694717294e-19
11 -0.299937730393567 -3.41508708797857e-19
12 0.00624328729771907 -1.96793401123487e-19
13 0.382943552337211 -4.59814860730469e-19
14 0.387354502201399 7.01592599140085e-19
15 0.111044225377423 3.73026978146607e-19
16 0.0597618223183804 -2.77903596827558e-19
17 -0.0336441173774832 5.51988097709523e-19
18 -0.289314896645446 -3.31258298191073e-19
19 -0.342532291749268 3.38891126183461e-19
20 -0.340815629515301 -2.05437324039673e-19
21 -0.225395025827363 -3.62899937212223e-19
22 0.0883328110408789 -3.75623105165803e-19
23 0.285122091612067 1.02761573210237e-19
24 0.280822914184552 1.8262198049391e-19
25 0.338267953759816 2.12624948431662e-19
26 0.616630370867307 -7.91175072998742e-21
27 0.955847351907889 -2.54592092642795e-19
28 1.17930708829993 4.75370167250444e-19
29 1.25820351148936 -5.13488714072584e-19
30 1.27129828375187 -2.50161512234002e-19
31 0.89412970391546 2.72255411391167e-19
