5.66818929300392 -1.55639960360313e-18
0 0.232703430869166 -1.19872410382209e-19
1 -0.173616538922112 4.23828463681326e-20
2 -0.119238397222233 -4.18384106399335e-22
3 0.144952377542522 -1.58867954658147e-19
4 0.161740323135389 -2.518672320524e-19
5 -0.10706739545075 -5.44583235416134e-19
6 -0.240327371435971 -2.78193247362758e-19
7 -0.136316847590201 3.6458151948602e-19
8 -0.135181027363525 -9.89639328598427e-20
9 -0.180196877331851 2.27673366515038e-19
10 -0.294837203790507 -6.01893812144643e-19
11 -0.290858268494864 -3.3363986925827e-19
12 0.014987896389877 1.7624162287132e-19
13 0.404442989212524 2.74813991118763e-19
14 0.375520730591773 1.42438332633774e-19
15 0.0822808757042519 9.15188413254545e-20
16 0.0381607085841111 7.69354732680377e-19
17 -0.0616201964039918 6.06120564399036e-21
18 -0.321844455150929 -4.67088307503257e-20
19 -0.329712900615554 -2.21518292642048e-19
20 -0.332022913838506 -1.14587897284458e-18
21 -0.236693251716129 3.75775976281603e-19
22 0.105511515817684 -2.48498703606005e-19
23 0.314198063628675 8.45886840758655e-20
24 0.281221869591967 -7.4242796070442e-19
25 0.31748871545381 3.36906483627464e-19
26 0.600158160257199 -7.49851596643608e-19
27 0.948458647372991 3.77768664685799e-19
28 1.17173179416216 -2.05866435943673e-20
29 1.25777401733522 2.4556733291181e-19
30 1.28415089886324 3.95866459236971e-19
31 0.892239923818474 9.58314159606477e-20
