5.54970196789809 4.2169631390833e-18
0 0.154660539089821 -1.54823574962954e-19
1 -0.218286026557776 1.36243029519783e-19
2 -0.154908266500006 2.31087488101233e-19
3 0.176039034913893 9.14228275369347e-19
4 0.156850487570087 3.74507414215405e-19
5 -0.161815183320195 4.86666538123226e-19
6 -0.187898495091192 1.42274197330494e-18
7 0.0416884393665348 5.16951110747978e-19
8 0.00301924443690945 2.78316617035158e-19
9 -0.06471037344345 3.17542808959495e-21
10 -0.208575316135883 -5.8519599518027e-19
11 -0.291446228280486 1.81868352712511e-19
12 -0.00413207661244999 -9.0615560767536e-19
13 0.486347786046416 1.15561981306536e-18
14 0.35619677758791 1.64317675838939e-18
15 0.0391830094521359 -4.31300374709714e-19
16 -0.0719903524587565 5.80953151229477e-19
17 -0.377390023367611 8.51787129438646e-19
18 -0.457562283840468 -3.71643092256209e-19
19 -0.255012237634775 -1.69365104609731e-19
20 -0.286229604403029 3.24837711327484e-19
21 -0.280870264793492 -9.01092087208167e-19
22 0.154220827119945 -1.53428961274956e-19
23 0.443695516903972 2.96194491735529e-19
24 0.287409991526151 1.8238328699731e-19
25 0.246925162077548 6.52529016816563e-19
26 0.569291715891915 -7.26561548054045e-19
27 0.968182185751139 -9.43981822012899e-19
28 1.17480057601806 1.40105036655777e-20
29 1.233058133342 -5.25286609483165e-20
30 1.26889010176092 -1.38957162312579e-19
31 0.810069171482302 -4.95280959596013e-19
