5.11907200048598 -8.38498070161666e-19
0 0.0589723905533332 -8.07931892849916e-19
1 -0.248413805444356 4.8462825657923e-19
2 -0.155528162289041 -1.00225521857601e-18
3 0.239804702344643 -7.6773483524278e-19
4 0.111243351824526 6.80684121617718e-19
5 -0.494075984164926 4.21806273833729e-19
6 -0.319039723463534 4.4687713682489e-19
7 0.114948361399787 -6.68792357978137e-19
8 0.198877317898854 1.30609326610152e-18
9 0.188591270316918 -3.49854935330644e-19
10 -0.118683131774667 -6.64490511140544e-19
11 -0.373204181211086 -6.72783098685331e-19
12 -0.124639879178344 5.4072391022954e-19
13 0.406404655254411 2.21325192285248e-19
14 0.239806107157305 6.2249118353661e-19
15 0.0611441412532839 1.80226999679713e-21
16 -0.0320691265804218 1.03046932626396e-18
17 -0.359216402962315 2.31548783398032e-19
18 -0.501335520192328 -7.6717698976758e-19
19 -0.244311026526241 -5.93231115582657e-19
20 -0.187738446134038 8.51312424394847e-19
21 -0.32976475791772 1.56754578530951e-19
22 0.132122210137846 7.35004324765232e-19
23 0.633493547567407 -1.34687498867786e-18
24 0.363625922567762 -1.76985059244999e-18
25 0.18722574208997 -6.39494742732583e-19
26 0.490904514757895 -1.11865182253582e-18
27 1.01901898890113 1.12706241585421e-19
28 1.18694255429957 -3.20332036335491e-19
29 1.14741107833779 4.99974371046005e-19
30 1.1730496773179 7.63175521262787e-20
31 0.653505614344665 2.23043785460765e-18
