5.59724783388406 -1.6972153568499e-18
0 0.247878092561108 2.59848713466787e-19
1 -0.15388406275097 -5.01336801341203e-20
2 -0.106803555449786 7.9919410170473e-20
3 0.137068715282757 3.42946233676255e-19
4 0.159136846350775 -1.42685071978573e-19
5 -0.0948412495066506 -8.8708158354259e-20
6 -0.222948983604459 1.72148968086926e-19
7 -0.152079708171813 -3.42259654629856e-19
8 -0.168969544531382 -1.74433988975723e-20
9 -0.268938157409135 -2.64847867148379e-19
10 -0.352475715225881 -9.10832927428952e-19
11 -0.297530478328861 1.886805041885e-19
12 0.00846116382023713 -3.42753133319455e-19
13 0.386916466536193 3.37861257613863e-19
14 0.386311685999812 -8.84131439202595e-20
15 0.106604319411021 1.60487852095745e-19
16 0.0557152613028279 3.62234813761024e-19
17 -0.0383788115993395 -3.66461566015417e-20
18 -0.294966384470146 -2.0110865770808e-19
19 -0.340785910248543 -2.70968075679169e-19
20 -0.339410692943156 8.88712208777787e-19
21 -0.22730938272337 -8.62831397067828e-19
22 0.0916022153852872 4.56103042760875e-19
23 0.290398801622297 6.89153717822904e-20
24 0.280800752674932 -2.53476401692397e-19
25 0.334122805165029 -1.60369846322145e-19
26 0.612941709460638 -1.94360873017691e-19
27 0.953809349159789 7.10072923142871e-20
28 1.1775806463173 -4.69791712498453e-19
29 1.25832762820549 4.51018066698483e-19
30 1.2743099226568 -7.7367535316377e-19
31 0.894584088935267 -6.57935826806954e-20
