6.10557502921891 5.24890351459316e-19
0 0.285293321066269 3.20112116484691e-19
1 -0.0443825347694315 -2.37778951854222e-19
2 -0.0411649681621427 4.1512821982774e-19
3 0.108836023867429 -5.43845699331135e-20
4 0.148094512615341 9.67486426554462e-20
5 -0.0233586616670897 1.24184985017403e-19
6 -0.162991910793169 1.14470964290618e-19
7 -0.199224524866907 -4.03054083628959e-19
8 -0.242350012176588 2.62434112688383e-19
9 -0.355148571232663 -1.46455892834967e-19
10 -0.40963283109806 -1.21894600229806e-19
11 -0.313109640815706 -3.30416166079475e-21
12 -0.0365474449657211 3.68070735655415e-20
13 0.295549466690352 1.49373853782163e-19
14 0.315956482252644 2.38178562314821e-19
15 0.120800457178759 -4.31590025244914e-19
16 0.140359395479317 9.99508902390411e-20
17 0.0665035390919078 -2.36751765234024e-19
18 -0.192650164313335 -6.78962310102921e-20
19 -0.327039617882506 6.42916910166978e-20
20 -0.340951318128579 -1.92016849242095e-19
21 -0.211055125734531 -1.70968910350928e-19
22 0.0340045842306257 -5.02530268824201e-21
23 0.213936397178905 1.78778747003716e-19
24 0.290879197296956 -5.89492478119063e-21
25 0.433849924529343 2.18074669612453e-19
26 0.811493429591706 -2.11691630040463e-19
27 1.20531583655505 1.83793992381708e-19
28 1.24881802803845 -1.47764684142165e-19
29 1.246527407729 -1.85282474298705e-19
30 1.1946037612106 5.43143028588337e-19
31 0.844360591222687 1.01173859165439e-19
