5.63639220041494 1.0062285266121e-18
0 0.213692416939337 -4.00962163096963e-19
1 -0.191148322443292 1.58857226860547e-19
2 -0.131285828399675 -6.34817422978991e-20
3 0.153297520744946 3.39221005959661e-19
4 0.163705431359863 6.51799526579764e-19
5 -0.114770449200856 4.05489293684155e-19
6 -0.22896281218546 3.37147859073464e-19
7 -0.0944193143082594 1.41997420152414e-18
8 -0.0994127519682742 6.0396427708144e-19
9 -0.136189090028135 -5.55699915679117e-21
10 -0.266974100059071 -7.17646748248459e-19
11 -0.287621978803715 -3.37501876394263e-19
12 0.0157059794182751 -5.26960145908762e-19
13 0.426010409160328 5.0950601921359e-19
14 0.364818726983599 -2.83642968543549e-19
15 0.0571788775103746 -1.79197131110115e-19
16 -0.00551141110558331 -5.9747395953345e-19
17 -0.137798151562077 9.09113797863555e-20
18 -0.36032830066505 -2.01628955891679e-19
19 -0.310977630512125 -6.916693863601e-19
20 -0.321816768169244 -2.97653472209127e-19
21 -0.248804540301716 -5.02677776041201e-19
22 0.120988825868343 3.06385899455513e-20
23 0.34356018811807 -5.2196099222717e-20
24 0.282435179070335 7.2311792502445e-19
25 0.299819250326408 -4.10134430044948e-19
26 0.589906966883607 2.41348626505616e-20
27 0.947561052364537 -4.1509603643494e-19
28 1.16823494152812 6.76419822071725e-19
29 1.25501235690228 6.65380918341342e-19
30 1.28914148069736 8.27542306862684e-20
31 0.881344046251684 -2.96087213759529e-20
