6.03903240049896 9.27215615338826e-19
0 0.284321880775433 -9.75371357790449e-20
1 -0.0498187575715737 3.35077394136667e-19
2 -0.0444674025840956 -6.89743746690904e-20
3 0.109753828624423 1.35513539282985e-19
4 0.148711087067019 -4.41019759335299e-20
5 -0.0258366845884203 -1.90665146744497e-19
6 -0.164437353108532 2.55729239188393e-19
7 -0.197804720531744 1.93202270876893e-19
8 -0.241793333268778 4.98788949411207e-20
9 -0.356331182616142 -1.72041690110927e-19
10 -0.410997749581231 1.5752697995815e-19
11 -0.314145999783558 3.2108298216749e-19
12 -0.034967864399148 3.30351799293875e-19
13 0.30078794427365 -5.46903121647131e-20
14 0.320616096013396 -1.08230068036828e-19
15 0.120511432211118 -2.13536811227661e-19
16 0.136586124917363 -2.62080095367583e-19
17 0.0611796318092713 1.73897599095724e-20
18 -0.197774387072536 1.5085428985096e-19
19 -0.329322442913042 -2.67968315275274e-19
20 -0.341874650287475 5.29041338643159e-20
21 -0.211180667443987 2.27541950994438e-19
22 0.0366306187177119 1.47491125303366e-19
23 0.216765522693012 -2.86378556931545e-19
24 0.289840516184364 2.80682096405954e-19
25 0.427191473363373 -4.50009653724085e-19
26 0.792215469306373 -3.60534457841427e-20
27 1.1790328655907 -1.18756719431811e-20
28 1.2416084062987 -1.33131968215788e-20
29 1.24696424318574 3.2712809611508e-19
30 1.1990238696072 1.92215313497694e-19
31 0.848044585610364 3.01022000655521e-20
