3.12242326644991 1.11357006481271e-17
0 -0.264773767022239 -2.87050117061304e-18
1 -0.566118265770979 2.34003303488908e-18
2 0.36766391320181 -2.09080484104628e-18
3 0.450870789475991 -1.88169861022741e-18
4 0.00874312564134682 -2.63732176197981e-19
5 -0.85378250027924 -8.31962159473877e-19
6 -0.09274240843753 -5.16530581082059e-18
7 0.26200221364557 -8.21406006635494e-19
8 0.217651226921191 4.16839303544937e-18
9 -0.041227937922203 -4.61610694048706e-18
10 0.0538793901124204 -3.9022149213986e-18
11 -0.661952429459954 3.95606846535051e-18
12 -0.499554559792403 1.81016565583072e-18
13 0.146035665255643 -1.49622738686482e-18
14 -0.203864807135238 3.38273205041702e-18
15 0.234806591973995 1.08522400521427e-18
16 0.329092943719527 -3.5218608574912e-18
17 0.0803024901921223 4.88071879608824e-18
18 -0.576139737865732 -1.46739106691607e-18
19 -0.566210902669038 1.05464978205432e-18
20 -0.0731530727174016 1.15087812652617e-18
21 -0.0171252615516776 4.52146631006001e-18
22 0.194338465163991 2.44593785279611e-19
23 0.559236740684094 -4.99486256255206e-20
24 0.33701650002584 4.7195872761365e-18
25 -0.434724112224069 -3.71825464815409e-18
26 0.186427317138068 1.98241117409605e-18
27 1.01850784752519 1.00077478250721e-18
28 1.01527388973648 2.8965053519954e-18
29 0.946576197643182 5.42397446655138e-19
30 1.14163991384424 5.07356168574553e-18
31 0.423727807396915 -9.77044894216047e-19
