6.39931304438987 5.83535198014324e-20
0 0.310289203661105 -1.97366332564061e-19
1 0.0645355004946443 2.30146123861834e-19
2 0.0231867027233943 -3.21431635589489e-20
3 0.0972445973941961 -4.92808202249217e-20
4 0.129006700627592 -3.65978815123418e-20
5 0.00234071377989841 -9.46594040728495e-20
6 -0.146702603722158 2.75867997232961e-19
7 -0.214856986142639 -3.75124262577404e-20
8 -0.250487309548933 1.62270007472042e-19
9 -0.345631002861465 5.2190735323917e-21
10 -0.383517240369226 1.27609834401197e-19
11 -0.273279659160965 -2.52234659120199e-19
12 -0.0538012664088433 -1.73093014275725e-20
13 0.18882403271012 -1.3838858903978e-19
14 0.23104564824973 2.44475779506011e-19
15 0.146590993621718 1.12224831668122e-19
16 0.194403918183936 -3.54848725113436e-20
17 0.145504286226127 4.26679375893522e-19
18 -0.0915557816375804 -2.33715798513228e-19
19 -0.268388283107269 -3.49393640033845e-19
20 -0.311648163666184 -9.96290563110416e-20
21 -0.209833775095419 -8.90729034726584e-20
22 -0.0122838980149363 6.00273914707046e-20
23 0.170510681158171 3.23174902699486e-22
24 0.318839957292367 1.15557153797616e-19
25 0.533325897449632 7.28471096026842e-20
26 0.878999237324473 2.35448337825626e-19
27 1.19554003098419 -1.97420977283086e-19
28 1.2555006013549 5.7235482145309e-20
29 1.21522411679278 8.8686702759059e-20
30 1.10006876546847 1.28280321751196e-19
31 0.760317428628043 -4.24335352117925e-19
