6.43964748519692 9.39670588352406e-19
0 0.335247775568768 8.99096716854571e-20
1 0.114305590390046 -9.3095827572652e-20
2 0.0502897446893942 -1.16463652694815e-19
3 0.0948878733437149 4.52337585803281e-20
4 0.117039707640801 -1.31147325659792e-20
5 0.00333660809536333 -6.70004599106935e-20
6 -0.143513763648158 4.56896899783274e-20
7 -0.218257141717922 -1.52334725919758e-21
8 -0.255668214356223 2.41791148156616e-20
9 -0.345912901067672 -6.06656954279036e-21
10 -0.369725092174693 2.18310681159653e-20
11 -0.249251019568533 -1.21434645907707e-19
12 -0.0562849820237403 5.60259229659109e-20
13 0.144672861457062 -1.90155576358498e-19
14 0.19905772974684 -1.09200933719626e-19
15 0.162852965951446 3.32561725599471e-20
16 0.208623666798066 6.25081946657006e-20
17 0.163354875309325 -4.21977918595329e-20
18 -0.0541502251429623 1.98088782683685e-19
19 -0.240213599486333 1.07884096564228e-19
20 -0.294386009931803 -3.0812916656551e-20
21 -0.205773728205654 1.57631575984749e-20
22 -0.0254925409201607 1.46064328222568e-19
23 0.158983363408101 2.39514173116019e-19
24 0.331258439700248 1.79368775871715e-20
25 0.562915992982601 1.70770446095329e-19
26 0.889393803976945 2.22751989366046e-19
27 1.17434992108851 1.65535280866537e-19
28 1.23116956006274 1.23959701267803e-20
29 1.18409134721452 1.28245456408996e-19
30 1.05015707785814 -1.55882944975952e-19
31 0.722287798158158 8.3035835373268e-20
