5.77394759033972 1.55321210674123e-18
0 0.279900582602441 1.40619970940576e-19
1 -0.0718067109245552 1.49848558825962e-19
2 -0.0577609193689253 -1.01163131367839e-20
3 0.113903630439671 1.81385601820512e-19
4 0.150955858909816 3.35641944485366e-19
5 -0.0371918307423571 7.28336998556842e-20
6 -0.17133465228688 -1.40373231595777e-20
7 -0.191109943375783 -2.8929651787874e-19
8 -0.238623859573996 -2.73923583917965e-19
9 -0.362029220050732 -4.87095650027226e-20
10 -0.416917220941444 3.48975255927445e-19
11 -0.317147018753407 -6.29979186261399e-19
12 -0.0277621739418038 -3.3955624963466e-19
13 0.321395900957945 2.98554607207525e-19
14 0.339651303316818 9.99830736318411e-20
15 0.120468751122276 -4.95983630338812e-19
16 0.120684059727607 -9.8744013009043e-20
17 0.0393006417882141 2.97159993519528e-21
18 -0.218174743404414 1.44047502273771e-20
19 -0.337392538799005 2.76112054628361e-19
20 -0.344801842956302 -2.59891624657187e-19
21 -0.212086397367027 -9.70865682798457e-22
22 0.0473661129036746 3.49779840747444e-19
23 0.228873796042964 2.24275336625243e-19
24 0.286356201402378 -8.25235830378688e-21
25 0.403051751402747 3.78492791023798e-19
26 0.71608682353534 9.62138619450871e-19
27 1.06434102860443 6.82464936019315e-19
28 1.2173226357569 -2.67792647589574e-20
29 1.24965899654565 -1.85161786575706e-19
30 1.21666794378766 1.39574010674578e-19
31 0.862100643979827 -4.23442262967727e-19
