5.49194127351405 8.3020816456628e-19
0 0.259743234757195 -1.02579200651037e-19
1 -0.132715256509977 1.28791233111895e-19
2 -0.0940408134513122 3.69084512528613e-19
3 0.129760552637853 -1.41682022902975e-19
4 0.156634280794708 -2.25133560433242e-19
5 -0.07891716675802 2.35550251902826e-19
6 -0.204155640764823 -2.35062137112026e-19
7 -0.163706698108909 1.1344645961982e-19
8 -0.201793103852796 4.8457461759123e-20
9 -0.363690499629972 -4.20948050025731e-19
10 -0.420173076703962 2.7666990010356e-20
11 -0.308139227971147 8.93786457042579e-20
12 -0.00120118630139183 -1.97380748042086e-19
13 0.371220076983835 -1.20408800262209e-19
14 0.384995381005172 4.77172437247241e-20
15 0.119469610117901 4.64728192031261e-20
16 0.0725971265459625 -5.4084191600314e-19
17 -0.0192420620296451 1.259014326334e-19
18 -0.273461406759051 1.60573674476545e-19
19 -0.345682467938318 8.29258754478682e-21
20 -0.344017865737947 -3.82606901403392e-20
21 -0.220599145946641 3.17628631340295e-19
22 0.0789104116478253 7.35208152919631e-19
23 0.270587120072927 1.28679932211795e-20
24 0.281192730349558 -1.04242009279034e-19
25 0.350881494997834 2.16647872531656e-19
26 0.629134775865982 -1.91893479569695e-21
27 0.963966927716539 3.21748105618689e-19
28 1.18500933251584 2.65727546551578e-20
29 1.2573154858117 -2.46986084144407e-19
30 1.26126643972755 1.87682819011702e-19
31 0.89079191042959 -1.40373231595777e-20
