5.49803562667876 -1.07383208989412e-18
0 0.264610055952717 -3.12350554921103e-19
1 -0.121796743648261 -2.55530774932794e-19
2 -0.0875503075042306 -6.08909791775032e-20
3 0.126384717982262 -2.0123739127928e-19
4 0.155512200740292 -2.25297159346642e-19
5 -0.0705911103613075 -2.81878245838352e-19
6 -0.196200386274269 -2.31586330689632e-19
7 -0.169450996285676 2.50215151222002e-19
8 -0.214691726807079 1.75367307366921e-19
9 -0.375886466627733 3.54312335233437e-19
10 -0.429725639418899 1.54480285439754e-20
11 -0.312824672630434 -4.48019647269288e-19
12 -0.0064729365475229 1.49687641861962e-19
13 0.363148375445936 7.60600849838791e-20
14 0.379531638080049 -1.41586813699275e-19
15 0.12171690167828 -3.03864867019517e-19
16 0.0815233044130525 2.76219332604361e-19
17 -0.00922557188596586 5.91874049186259e-19
18 -0.263340768319605 -3.93527799360174e-19
19 -0.346239255864301 -9.69792903038458e-20
20 -0.345356053638417 -4.29790437197517e-19
21 -0.218113421594767 -5.48619569263128e-20
22 0.0728866635165042 1.29676276413894e-19
23 0.261817206175622 -3.11964354207504e-19
24 0.281688483835479 -1.71167374606528e-19
25 0.359533831144901 1.23798784303803e-20
26 0.638924473710518 2.19493420845051e-19
27 0.971525492017306 4.32233693100913e-19
28 1.18925135454516 -3.94584487423773e-19
29 1.25634818269841 4.46040368612091e-19
30 1.25390513704868 -1.11601278432623e-19
31 0.887193665102059 2.23880084332419e-19
