5.58601390543654 2.56096934451133e-18
0 0.196640281418317 6.24947849187007e-19
1 -0.20234267711261 7.90424127166743e-20
2 -0.139953361798404 -3.4584273902825e-19
3 0.159958790504139 1.02665023031837e-19
4 0.164396919338002 -2.2649599072844e-19
5 -0.121659234905416 6.13479833552625e-19
6 -0.19596846243558 8.37798081368268e-19
7 -0.0414188437756879 9.26120039008928e-19
8 -0.0714751677818671 -2.17452457351654e-20
9 -0.1165792557973 -2.01661139284479e-19
10 -0.251839987161459 -2.78922737599557e-22
11 -0.286588098640669 -4.70800125472852e-19
12 0.0114298768922686 1.02353916901437e-18
13 0.44515996326045 3.9014854311618e-19
14 0.361808296273833 -3.23072988622286e-19
15 0.0458488294037223 8.10399286297912e-19
16 -0.0481517062464773 -6.06195658982236e-19
17 -0.24513170956195 -9.09373946955354e-19
18 -0.393445683265148 4.34615264168109e-19
19 -0.292092881565 -8.62514927038629e-21
20 -0.312355094571317 -3.9000908174738e-19
21 -0.259225361736506 5.76114914511884e-19
22 0.133428331307677 -3.81319565691394e-19
23 0.370556357721391 -4.94669475132814e-19
24 0.283796267572196 -1.65658650538937e-19
25 0.284823823927536 -2.48949271105204e-19
26 0.583281408972488 1.96147051318088e-19
27 0.950319396241558 -2.80242256704355e-19
28 1.16786075821975 2.8296979924415e-19
29 1.25082523445326 -2.38441393356021e-19
30 1.28830195144738 9.30486252632121e-19
31 0.865804944837966 4.58774264363271e-20
