6.44979191452304 -2.0164705905013e-19
0 0.344124342528175 -1.6325562387654e-19
1 0.128631150505141 -1.99193745836483e-19
2 0.0581015111157754 -2.0779743951167e-20
3 0.0944292750728122 -8.50902086136647e-20
4 0.113320056847626 -9.10790016238552e-20
5 0.00289319884073844 2.33383236787629e-20
6 -0.142823480249761 -1.92027577039695e-20
7 -0.219118537167608 5.80829781557077e-20
8 -0.25726275546713 -4.98118462061208e-20
9 -0.345875969197114 -5.79622904327079e-20
10 -0.365304338961266 1.33641538601788e-19
11 -0.242359045054998 -4.88228773648724e-20
12 -0.0569912868364298 8.20730155386695e-20
13 0.132521686716988 2.86442923717145e-19
14 0.190535309401359 2.82572870732951e-19
15 0.167508268956662 1.96318696079688e-21
16 0.212419225987578 -4.47992827775288e-20
17 0.167335270223257 2.51995965623599e-20
18 -0.0445982523155472 6.44794274746975e-20
19 -0.232242622859013 -1.42163432820274e-20
20 -0.288975429592458 1.39576692623978e-19
21 -0.203770389035011 2.31806250540432e-19
22 -0.0281333897712957 -1.45356293580969e-19
23 0.156469740157965 -5.48619569263128e-20
24 0.334529931631525 2.79083654563556e-20
25 0.5699723267846 2.27429309119638e-21
26 0.891059494096919 -2.32185075893181e-19
27 1.1678037670867 -1.78274540516517e-19
28 1.22342928733561 3.33914769071769e-19
29 1.17418159672744 -3.85986157647386e-19
30 1.03538295272753 1.18837177913811e-19
31 0.712599018286268 -2.22880722937246e-19
