6.26825829800607 4.94608460783963e-19
0 0.289756286821289 3.13399197136502e-19
1 -0.0176245841294905 -2.60760576262785e-19
2 -0.0248853069280106 9.59923329246474e-20
3 0.104875381352903 3.19795646455492e-20
4 0.144607016363182 3.776882062038e-19
5 -0.0130058329790042 -5.29416811559158e-20
6 -0.157060149360267 1.44001238646621e-19
7 -0.205043674549639 1.50087252322561e-19
8 -0.244443442232165 9.57482755292478e-20
9 -0.35048523890155 -8.08875939038714e-20
10 -0.403220232335238 6.32763049738594e-19
11 -0.30644818777483 -3.60849586895926e-19
12 -0.043205986756228 -6.81416293803917e-20
13 0.269212713699335 -1.10099386768625e-19
14 0.293468141005734 1.19867046483409e-19
15 0.123974790991727 5.27807641919161e-21
16 0.157691796865161 -8.23358465798691e-20
17 0.0914776168903558 7.06720486392877e-20
18 -0.167059663399605 -8.8692066657859e-20
19 -0.314457765874878 3.75848388915403e-20
20 -0.335427804060329 8.63587706798627e-21
21 -0.210800893382327 -7.91121434010742e-20
22 0.0212888050177605 -7.78301715878763e-20
23 0.200908712811322 1.17025521094114e-19
24 0.296991502269774 1.85971735294504e-19
25 0.465452708864464 2.3925134207482e-19
26 0.851398616291711 -3.09781247395908e-19
27 1.23419206785706 -1.59956826114546e-19
28 1.27325160217989 -2.12195836527663e-19
29 1.24484833928703 6.18457531639017e-21
30 1.17278442182912 -2.37266699518823e-19
31 0.82524654027181 4.33295745063311e-20
