5.38283281543514 2.14861426036318e-18
0 0.110232404050065 8.70989887142615e-19
1 -0.226032585088244 -7.04108267677281e-19
2 -0.160194468259404 4.97834175424809e-19
3 0.200642237366157 -6.38829619281384e-19
4 0.124910968554339 4.7160471029285e-19
5 -0.34882680827438 3.07437223620311e-19
6 -0.267496638868051 1.29956540126193e-19
7 0.0829256153982242 4.30957085186515e-19
8 0.117997091162187 9.19994466579338e-19
9 0.0815481838551719 -1.05439231491192e-18
10 -0.154519826511267 -1.08458033735828e-18
11 -0.319022469939971 -1.24206440612603e-18
12 -0.0421007059126525 -6.14890538937022e-19
13 0.472060400913082 7.71543203390773e-19
14 0.313065541790613 1.11619515688543e-18
15 0.0460920962637937 1.58149192218949e-19
16 -0.0672067327114885 -2.54871015380395e-19
17 -0.390140424124977 8.41660088504262e-19
18 -0.488918232811775 -8.89133274833587e-19
19 -0.241576490168211 -2.30433092447634e-20
20 -0.245687021148238 6.70036782499735e-19
21 -0.305228527279321 1.41628383914975e-19
22 0.14901307810148 -7.2358994811885e-20
23 0.536366468648343 -1.21486943921007e-19
24 0.301455689379039 2.66521403573976e-19
25 0.212171830418798 -5.8479370277027e-19
26 0.545598644651472 -1.24442452159802e-19
27 0.999547265224873 -1.20623356214208e-19
28 1.18613042870701 1.09560851329106e-18
29 1.19945053499044 -2.15049430689258e-19
30 1.22672728711146 4.50760599556083e-19
31 0.733847979946571 7.52404812472404e-19
