6.40864667440939 1.3679862886236e-18
0 0.314504385383705 1.3861923668818e-19
1 0.0746300138688541 5.69753330535094e-20
2 0.0287536310867137 2.44285361098612e-19
3 0.0966598631895185 7.79320856650761e-20
4 0.126696036437467 -1.24850108468602e-19
5 0.00291353733394582 -1.13560442469319e-19
6 -0.145931425855882 9.54827625386482e-20
7 -0.215616630093883 4.82053585155234e-20
8 -0.251458811428297 4.69213752402754e-20
9 -0.345648611746862 5.82358492715074e-20
10 -0.380883995747691 -2.77321613807759e-19
11 -0.268459739143879 -2.0735424737332e-19
12 -0.0543974971390428 1.75083020730522e-19
13 0.17955924382419 -1.0680595290543e-19
14 0.224217839585076 7.16455962714861e-20
15 0.149893812966538 -1.93611268160392e-19
16 0.197531465565491 2.24076872369644e-19
17 0.149776136077359 -4.17595613275736e-19
18 -0.0833831655619524 -9.04675171606562e-20
19 -0.262592431008757 2.3259206171463e-20
20 -0.308300674532196 3.28721174058677e-19
21 -0.209319327677892 1.56818945316551e-19
22 -0.0154596361079384 1.8273194041931e-19
23 0.167787923795114 4.83930949735231e-20
24 0.32146664076513 1.42357874151774e-19
25 0.539972042679708 1.36251075367983e-19
26 0.881660045504689 1.62099703685142e-19
27 1.19135795920791 2.01351709372455e-19
28 1.25089394578518 1.68083132796533e-19
29 1.2093874937021 -1.40839890791376e-19
30 1.0902057030933 -1.13733428205619e-19
31 0.752230900601661 3.66595663485417e-19
