6.42122812085629 9.58896813113626e-19
0 0.321622390742702 2.22705055251546e-19
1 0.0896802006394731 2.69616373181571e-20
2 0.0369577739740325 8.90273103328585e-20
3 0.0958946710480631 1.08374893304428e-19
4 0.123139115181731 9.55095820326482e-20
5 0.0033903101289036 -9.04339927931562e-20
6 -0.144910888457552 7.99717081837729e-20
7 -0.216671384121488 2.47007539739607e-20
8 -0.252995077516987 -8.40469302970664e-20
9 -0.345752163550418 -1.23187299840604e-19
10 -0.376816255795556 -8.39825635114665e-20
11 -0.261190279812421 -9.94466837518419e-20
12 -0.0551603037774321 1.67337550863334e-19
13 0.166061676179168 1.51701785861359e-19
14 0.214375769567429 5.19600876755174e-20
15 0.15482409872819 -2.91214111699737e-19
16 0.201909187236618 -1.0088957252904e-19
17 0.155460206424851 3.12608022063503e-20
18 -0.0717698034952214 1.5708445830715e-19
19 -0.254029959088638 8.4288305743066e-20
20 -0.303175896290827 8.08822300050714e-20
21 -0.208282408451527 -2.4544396323941e-19
22 -0.0197292677080705 2.11190105502664e-19
23 0.164107057514918 1.66286226698536e-19
24 0.325291875009194 -1.30074545899793e-21
25 0.549268986267155 -1.40963260463776e-19
26 0.885119592526763 -2.09326150669667e-19
27 1.18504845872984 4.32831767817112e-19
28 1.24370070158948 -6.68697148774437e-20
29 1.20019432849117 8.73564558566611e-20
30 1.07521934229407 1.17050999613414e-19
31 0.740446066648674 1.09520085698226e-19
