5.51302924062467 2.88574671197731e-18
0 0.266808208362324 2.06370642430872e-19
1 -0.116284571321576 -9.52950260806485e-20
2 -0.0842811714738973 2.28083704773237e-19
3 0.124775309457367 3.87805860315284e-19
4 0.154980541697477 -1.24775013885402e-19
5 -0.0664729029169786 -1.81085223487712e-20
6 -0.192602708540572 2.60578203703586e-20
7 -0.172260023420333 -5.38428161543144e-20
8 -0.219742537262603 -2.29489046258835e-19
9 -0.376389235917501 2.59580518526787e-19
10 -0.430086581709724 2.97664200006727e-19
11 -0.314570592054183 -9.56490434014479e-20
12 -0.00910452085987815 -1.62086293938142e-19
13 0.358955781422704 -5.89653395083063e-20
14 0.375981515113732 -3.82553262415392e-20
15 0.122158437645516 3.57965150316231e-19
16 0.0860132440689947 -4.13148941170543e-19
17 -0.00408160805282448 -3.72361854695408e-20
18 -0.25833182125328 -4.19971820444132e-19
19 -0.34610958511958 2.94649688881132e-19
20 -0.345802235597887 3.65257370734819e-19
21 -0.217059051860812 1.35309711128585e-19
22 0.0699359865657543 8.27113194958685e-19
23 0.25766784639809 -4.8437078943683e-19
24 0.2820100559077 -3.7089214642421e-19
25 0.363957503480839 1.84346473958107e-19
26 0.644371906085535 4.66728926283658e-19
27 0.976183312815267 4.56196910989875e-19
28 1.19152598905262 7.20478886814855e-19
29 1.25576701705196 1.30010179114193e-19
30 1.25006182449523 3.15949731015898e-19
31 0.885053908365189 -1.71735947879327e-19
