6.40408866497393 -1.59499235260355e-18
0 0.312341879373478 -2.84954441800147e-19
1 0.0695873007770235 1.18137189120412e-19
2 0.0259805085992669 -3.51710844315441e-20
3 0.0969444101076714 2.67948200654774e-19
4 0.127858182199739 -1.96568117373888e-19
5 0.00265451790944732 -2.00414032813481e-19
6 -0.146307253667014 -2.10457933316465e-19
7 -0.215243258493496 1.39337999127378e-19
8 -0.250967004366492 -7.31367601378837e-20
9 -0.345632361527463 -1.0696418792003e-19
10 -0.382208288827494 -2.66730595627176e-19
11 -0.27087532526044 1.06127419707231e-19
12 -0.0541103061710132 1.66495418751735e-20
13 0.184165541062554 -1.42845988942573e-19
14 0.227605222013315 2.7027210980987e-19
15 0.14824230740566 1.98074031961985e-19
16 0.195991732511964 -3.8362604217539e-19
17 0.147692389780078 1.75785691473321e-19
18 -0.0874269799184823 -1.0046582452384e-19
19 -0.265482906232733 -2.2039723779285e-19
20 -0.309981684158917 1.08779867663827e-20
21 -0.209593307141888 -2.09937132267354e-19
22 -0.013904152693425 -5.78281929627081e-20
23 0.169121815835378 -5.25367067965165e-20
24 0.320159923401613 -1.66870891667735e-20
25 0.536693193879881 1.01216770355839e-19
26 0.880363733808351 -3.144853866435e-20
27 1.19344994066037 -1.91155943484696e-19
28 1.2532189103035 -3.14895724901699e-19
29 1.21233939979603 -2.36767856930424e-19
30 1.09515370463394 3.66783399943417e-20
31 0.756256879373518 2.96891798579528e-19
