5.56233169890005 2.35439923209383e-18
0 0.169876325016264 -3.39320238087461e-19
1 -0.214003036194718 3.0177294648752e-19
2 -0.150501885203879 -3.53631120085838e-19
3 0.16995353338277 -7.87248699077148e-19
4 0.162501753019103 -1.30863039023392e-19
5 -0.138771667485906 7.65975476436382e-19
6 -0.175271565268245 3.3354868297867e-19
7 0.0198157442109984 1.22771061293725e-18
8 -0.0284670978521406 4.18791762708134e-19
9 -0.0907966443650019 6.83274884738114e-19
10 -0.226600407912779 -1.16732384024694e-18
11 -0.287949585258722 -8.20531691131096e-19
12 0.00173101714076124 -5.82948521583073e-20
13 0.474018702122364 5.45401229983133e-20
14 0.360219866403455 1.1822934760667e-18
15 0.0399874256732099 3.5247251794504e-19
16 -0.0710842882087838 4.87766137377225e-19
17 -0.349013571611921 -1.09037334806227e-19
18 -0.437029609579233 3.7120325255461e-19
19 -0.265690229047136 -5.47793528847929e-19
20 -0.296539344526102 2.62713035425982e-19
21 -0.273620529792391 1.51519413302159e-19
22 0.148950556969412 5.05201490426597e-19
23 0.415776702537331 2.60942948821985e-19
24 0.286030337621505 -7.18342714117758e-19
25 0.260851487311781 -1.67179315848734e-20
26 0.574517818305684 4.44559932543293e-19
27 0.960026439867224 -7.61598535015589e-19
28 1.171290971849 -3.93307879509375e-20
29 1.24084883304062 -1.07449620761429e-19
30 1.27854952940466 2.47554657417206e-19
31 0.83272411733086 2.60041813823587e-19
