6.30565883121289 -8.61558476833855e-19
0 0.292431743030396 1.01608334968238e-19
1 -0.00190069392495714 -3.37180042466264e-19
2 -0.0153664061420864 -1.51548914745559e-19
3 0.102937249357425 -2.60698891426586e-19
4 0.14217222303229 -3.01408201369121e-19
5 -0.00828656288997719 1.58235014599748e-19
6 -0.154321806597497 -2.53143839966798e-19
7 -0.2076881982643 4.30375102166716e-19
8 -0.245451346636501 -6.53617888272961e-20
9 -0.348569505650178 -1.6337362965014e-19
10 -0.399560782857467 1.255179138692e-19
11 -0.301397715403944 2.84769387291547e-19
12 -0.0462910508702075 -2.72378781063567e-20
13 0.253500283210746 -9.92750389902422e-20
14 0.280668099233597 -4.01098942516362e-19
15 0.12711707437584 -1.04480367531959e-19
16 0.166687709410038 -3.55090100559436e-20
17 0.104728633355242 -2.68763513272373e-19
18 -0.151900730614859 -1.38790881449779e-19
19 -0.306224854010742 -1.18528753732812e-19
20 -0.331534351117543 2.31039213012033e-19
21 -0.210803715692376 -2.95121711975531e-20
22 0.0140597559910791 2.93941654239533e-21
23 0.193953036644411 3.41434955189357e-19
24 0.301063070163485 -3.38146885224962e-19
25 0.481000777367197 1.40397369140377e-19
26 0.857303941444099 -1.52401774654758e-19
27 1.2256057581125 1.09117793288227e-19
28 1.27597863309351 -2.3909578900962e-21
29 1.24252831585986 4.42468012011297e-20
30 1.15982948460672 6.67269010718939e-21
31 0.813390763597091 4.10939014864947e-19
