4.26164917191161 6.93160013836618e-18
0 -0.108921511347912 1.24983133158841e-18
1 -0.428021353397196 -4.0890073332095e-19
2 -0.120250529759684 1.5111175699336e-19
3 0.337393367716595 1.70979638148528e-18
4 0.103458892831998 -1.65989066705016e-18
5 -0.651264325529924 7.93041709781139e-19
6 -0.329573518509177 -5.05450911720796e-19
7 0.165248972351105 -1.22923396019645e-18
8 0.265008475953206 2.07085113751031e-18
9 0.236286215292166 1.33276793483388e-19
10 -0.0988096471078593 1.10112260125745e-18
11 -0.49990072963681 -2.33737254108428e-19
12 -0.2929478120074 -3.34478783030588e-18
13 0.291293753609458 -3.23271452877886e-19
14 0.106987584128385 -8.83112298430596e-19
15 0.100557481476396 2.67536253226935e-18
16 0.143291632445214 -9.57048279489679e-19
17 -0.188470700997017 -2.0769016153567e-19
18 -0.51494183222334 1.18246076266052e-18
19 -0.295550985273417 -4.4644802492089e-19
20 -0.0949425059950776 -4.36664273509706e-19
21 -0.26076873763847 3.25775320837722e-18
22 0.159389327795572 -8.68908694408219e-19
23 0.703969205856198 3.60226570050307e-18
24 0.407263784086662 -8.03426217857923e-19
25 0.00737351657022656 1.4484886875449e-18
26 0.331363884085846 -3.34449817977068e-19
27 0.957381960738013 2.4534473111161e-19
28 1.13237325955643 -1.86891107548823e-18
29 1.0445913532432 -1.16787095792454e-18
30 1.10775520942178 1.39675924751778e-18
31 0.545025484176441 1.59393616740547e-18
