5.83083651208314 -1.73647172070499e-19
0 0.281102174419987 4.81774662417634e-19
1 -0.0662775955579901 1.54697523341154e-19
2 -0.0544295590593981 2.89972369127539e-20
3 0.112791026858825 6.31974556614995e-20
4 0.150423546106017 -2.30604737209233e-19
5 -0.0341343469248571 -3.11615700785505e-20
6 -0.169425454863728 -9.83953595870436e-20
7 -0.192945060753532 -2.02905563806077e-19
8 -0.239600247187052 -1.40153311744977e-19
9 -0.360450042943124 -3.12929855991503e-20
10 -0.415354640496731 -3.94034687796774e-19
11 -0.316582291282988 1.30557296791792e-20
12 -0.0296995265038883 3.40902588233458e-19
13 0.316313539465532 -4.51114616876883e-19
14 0.334848908256111 -6.03132872767441e-19
15 0.120325554946713 3.04159881453516e-19
16 0.124769079165911 1.06306573927151e-18
17 0.0448250924797162 1.84207012589307e-19
18 -0.213093942893318 -4.9090401817522e-20
19 -0.335553658002068 1.45706958465018e-20
20 -0.344195638797395 1.5088110934496e-19
21 -0.211789045931888 3.03435755115518e-19
22 0.0446491571951553 -1.41660567307775e-20
23 0.225723288934934 6.59652274422951e-20
24 0.287134044979522 -1.58519301236148e-19
25 0.408677302141473 2.83492779377149e-19
26 0.732116553403416 -3.06013108488914e-19
27 1.08840562016061 -1.33325068572588e-19
28 1.22239969982938 -3.75974440537202e-19
29 1.24887871481603 -9.57683901497478e-20
30 1.21228075410687 -2.95186078761131e-19
31 0.858703506014898 -1.52120169967758e-20
