5.2692522616324 3.05378559260875e-18
0 0.0882476828727398 -1.81224684856512e-19
1 -0.231771871373524 5.73904988206288e-19
2 -0.158791943244984 -2.51502486934e-19
3 0.217194795715921 -4.20744221871331e-19
4 0.116021654857231 1.83203963513709e-19
5 -0.427467336856503 -3.31660590601073e-19
6 -0.296693697025598 -2.04364544279675e-20
7 0.0982769170607649 1.56165890637652e-19
8 0.161583239495692 -2.55836517164393e-19
9 0.141499425885343 4.44259554210494e-19
10 -0.135243756762594 -1.10436239613264e-18
11 -0.341558911446299 1.15782973937096e-18
12 -0.0752129684461033 2.02047339998079e-19
13 0.444420900571963 1.95803761794889e-18
14 0.279660715298673 3.37539423685863e-19
15 0.0538823341445115 4.88415169132024e-19
16 -0.0586230013000051 -1.26416366918199e-18
17 -0.381810921540095 1.25465884050841e-18
18 -0.495760759901525 4.61831686679266e-19
19 -0.241084300021501 -1.16782804673414e-19
20 -0.220123075635555 3.73627734812206e-19
21 -0.31918172059711 8.27435028886685e-19
22 0.13990459486678 -2.96254835597029e-19
23 0.583943190334791 7.0460174636688e-20
24 0.325184461234374 1.1925019812141e-19
25 0.201208005329062 -6.20774735920613e-19
26 0.525076950637637 3.94643490310573e-19
27 1.01316474804604 -5.36507885772747e-19
28 1.18871392534227 -1.1939180504973e-18
29 1.17714844440501 1.28411737271796e-20
30 1.20186594609457 4.44431198972094e-19
31 0.695578593590418 1.87371712881302e-19
