6.35038594821034 -2.67175933325045e-18
0 0.297670677217413 -5.54198024015119e-20
1 0.0238768304371695 -1.25466956830601e-19
2 -1.4098797285383e-05 -7.06961861838876e-21
3 0.100295809807555 -2.29456862866035e-19
4 0.137563828376252 1.82908949079709e-21
5 -0.00253446705641894 -2.31495144410032e-19
6 -0.15072976224634 -1.28728207300995e-19
7 -0.211078445589945 -7.80742289832759e-20
8 -0.247152022787571 3.38891126183461e-20
9 -0.346581610402201 -1.67379121079034e-19
10 -0.393526992353977 -1.34617768183386e-19
11 -0.291550385100237 1.94387692511691e-20
12 -0.0501433636872201 -1.0068038047584e-19
13 0.22782715740928 -7.50945831998806e-23
14 0.260485803501359 1.34548037498986e-19
15 0.133844653422988 3.84645182947389e-20
16 0.1792725024439 -4.10968516308347e-19
17 0.123470204393759 -2.48426290972205e-19
18 -0.127419182993625 -5.73508059695088e-20
19 -0.291858564353585 2.50172240031602e-20
20 -0.324356160088649 -1.08581403408227e-19
21 -0.21076815473209 -8.27327750910685e-20
22 0.00286413418862385 7.43811846594817e-20
23 0.183701408402358 -4.31686575423314e-20
24 0.307967491004169 -1.01375005370439e-19
25 0.503219310808897 -1.94039039089692e-19
26 0.866115561598423 -2.29816244085635e-20
27 1.21278572125027 -3.0206796092152e-19
28 1.27128534244789 -5.8477224717507e-20
29 1.23488889626117 5.58703699007112e-20
30 1.13777466101269 -1.76869199030919e-19
31 0.793189164415326 1.03040495947836e-20
