5.53180973448077 5.05402904826537e-18
0 0.254189616575232 4.05642164799955e-19
1 -0.143436172304708 2.46589155633208e-19
2 -0.100460686761887 -1.37229986898982e-19
3 0.133329931439016 1.45774677687368e-19
4 0.15784543143861 -4.68252273542856e-19
5 -0.0871250873175273 1.74793370195322e-19
6 -0.213135834298992 -3.80300424919395e-20
7 -0.157931079719548 -3.23247315333286e-19
8 -0.185901248125758 -5.88398242763865e-19
9 -0.325481828118349 7.61491257039589e-19
10 -0.391861862683781 2.46460422062008e-19
11 -0.302598368633441 -1.14090127475819e-19
12 0.00386980691191542 3.13670074025901e-19
13 0.379035948496616 -2.62434112688383e-19
14 0.38747031661236 1.70403019027529e-19
15 0.114647613117975 -2.43671194686013e-19
16 0.0639296758461247 3.36531010711465e-19
17 -0.0289066906288435 3.17446258781095e-19
18 -0.28388760100014 5.05311450351997e-19
19 -0.343916705783847 9.41256961422504e-20
20 -0.342048979148073 3.49093261701045e-19
21 -0.223643374914294 -4.56135226153675e-19
22 0.0851322804965885 3.56066330141034e-19
23 0.280072856040341 5.029727904752e-19
24 0.280895846543131 1.82077544765711e-19
25 0.34243572974165 2.97299454888327e-19
26 0.620545417357025 7.99505207835129e-19
27 0.958197106444232 8.90096094668185e-19
28 1.18112259534009 -2.66564314764376e-19
29 1.25798952498426 -1.83718897798508e-19
30 1.26810889417477 4.51967476786081e-19
31 0.893326662360019 5.88484065144664e-19
