5.50612250122552 -1.74232306380843e-18
0 0.257056733845847 5.30559322003557e-19
1 -0.138104924068005 4.95838805071212e-20
2 -0.0972600238621129 1.72073873503726e-20
3 0.131522445067665 3.43745454597454e-20
4 0.157228573310163 2.83417684793949e-19
5 -0.0830568837809476 -3.55873229784234e-19
6 -0.208521643437869 1.1956130425181e-20
7 -0.160817029073495 -2.62005000784384e-19
8 -0.194107145372712 -4.91671055703618e-19
9 -0.348138725078242 2.49281832830804e-19
10 -0.408420425498385 3.19473812527492e-20
11 -0.305391031191737 -1.43570115280572e-19
12 0.00137656109505837 2.21529020439648e-20
13 0.375143054467481 -7.00074615779687e-19
14 0.386661839664663 -9.91033942286425e-20
15 0.117433011511191 4.22997059367328e-20
16 0.0682159841582996 -4.66036983338459e-19
17 -0.0241142570689794 -1.07701724005029e-19
18 -0.278619382368141 -1.47185383071766e-20
19 -0.344960128465106 -1.35787098121784e-20
20 -0.343114838728745 -1.72089965200126e-19
21 -0.222047334438044 -1.32874501073389e-19
22 0.0819936579867809 1.63212712686141e-19
23 0.275233282534879 -3.31955605035072e-19
24 0.28101923991698 -1.27553513463797e-20
25 0.346637037645477 3.42034370880256e-19
26 0.62470578455633 2.79190932539556e-19
27 0.960889442555051 2.33766755551828e-19
28 1.18302352252129 -6.6651806488694e-20
29 1.25769169453638 2.7079643091757e-20
30 1.26475958745038 -3.02550711813519e-19
31 0.892204820834125 -3.87176943180985e-19
