6.38901677550175 -2.66808372159776e-19
0 0.306515737524217 1.66860163870135e-19
1 0.0544105187249018 6.29654670383999e-20
2 0.017533303195289 -1.68158227379733e-20
3 0.097894411667411 4.61348935787267e-20
4 0.131258208420404 -1.61490901171343e-19
5 0.00153647691517407 -1.94173136559691e-21
6 -0.147556529018773 -1.84571757707707e-20
7 -0.214039547218771 6.40409287477982e-20
8 -0.249567790490691 2.05866435943673e-20
9 -0.345687103067631 -3.92119775925177e-19
10 -0.386091268838965 3.51118133498042e-19
11 -0.278036123700564 1.12271765782622e-19
12 -0.0531044016874927 4.43540791771295e-20
13 0.198293591212692 -7.69075809942777e-20
14 0.23808539075215 2.48445064618005e-19
15 0.143301655545526 5.41914695763139e-20
16 0.191062533286543 -2.56126167699593e-20
17 0.140789776637054 -1.93529468703692e-20
18 -0.100062902527935 -1.80548833607713e-20
19 -0.2742346195545 1.10110114566225e-19
20 -0.314934806224327 4.95034220251213e-20
21 -0.210220650447683 1.24099162636603e-19
22 -0.00885322709562404 -1.10973702273024e-19
23 0.173456769742794 -2.93413310207734e-19
24 0.316166191853821 2.48088365347806e-19
25 0.526328862921699 -5.51864728037123e-20
26 0.876077558079497 -1.3844222802778e-19
27 1.19972791363759 6.44365162842976e-20
28 1.25991265284386 -7.12808511530867e-20
29 1.22076247475108 -2.47356193161607e-19
30 1.10978164227646 -3.47266854159648e-19
31 0.768510075386553 -3.93415157485375e-20
