6.29458195302286 -3.67719400284015e-19
0 0.291519110582648 -2.8952448357774e-19
1 -0.00711673099990488 1.3845295582538e-19
2 -0.0185153189597668 4.48341481197287e-20
3 0.103550787201123 -6.34281033098992e-20
4 0.143012432746708 -2.0114620499968e-19
5 -0.00974513953044846 -2.68302217975573e-19
6 -0.155178163813209 2.54109341750796e-19
7 -0.206866157121851 -2.12828776586062e-19
8 -0.245121710187843 1.04542387611834e-20
9 -0.349141704310867 1.42593885698973e-19
10 -0.400772434093724 -1.7633280915092e-19
11 -0.30316060466084 -2.46908307611808e-19
12 -0.0453327535473024 1.02123269253038e-19
13 0.258719176799772 -4.54456325829278e-20
14 0.284876368304919 2.29757241198835e-19
15 0.125980482741469 -1.01876529908238e-19
16 0.163812463360022 1.65369000003737e-19
17 0.10047493353936 4.87505988285425e-19
18 -0.156925232188384 1.24898383557801e-19
19 -0.309011722041324 1.75774963675721e-20
20 -0.332872155397512 -1.89249077461299e-19
21 -0.210798362908789 -7.38287030830826e-20
22 0.0164311402079442 -1.31469159587791e-20
23 0.196202271346713 2.18694199923852e-19
24 0.29969238660354 3.50584425567443e-20
25 0.476065386828063 -9.05426117438561e-21
26 0.855512103001462 -5.01524537799203e-20
27 1.22851748398782 -3.14941318041499e-20
28 1.27576385714105 -1.72304521152126e-19
29 1.24348803172259 -8.21051989314695e-20
30 1.16415409833424 -9.32245611438518e-21
31 0.817367628335174 -1.02697206424637e-19
