6.31584819803086 -2.35357151546026e-18
0 0.293377424680483 4.30667434651315e-20
1 0.00329237931057612 -4.2761001233532e-19
2 -0.0122428709096876 -1.79647698609314e-19
3 0.102354083066967 -2.43435183138813e-19
4 0.141303940536036 9.10199987370553e-20
5 -0.00693659011285505 1.51540868897359e-19
6 -0.153516203224837 -1.1299052822182e-20
7 -0.208456741674761 -1.87098154042503e-19
8 -0.245780356704895 1.48022151284565e-19
9 -0.348059656453585 -3.74113167653605e-19
10 -0.398353783685428 -1.20770863431208e-19
11 -0.299560521317721 -5.32796067803153e-20
12 -0.0471828941410515 -1.6378664985774e-19
13 0.248305142878561 -1.45436752062969e-19
14 0.276517806596193 3.17092241460296e-19
15 0.128333207050684 -8.84292356166594e-20
16 0.169439874397502 -2.47179184501207e-19
17 0.108814083379933 2.41611457546816e-19
18 -0.146911959117536 -2.09637256800067e-19
19 -0.303402671624432 2.74856902309163e-19
20 -0.33016055411551 -4.48834959886886e-19
21 -0.21080902891519 5.57738197223113e-20
22 0.0117295977159783 1.69177368151731e-20
23 0.191771585157068 -2.55863336658393e-19
24 0.302440604930775 1.72926733412925e-19
25 0.485738441047031 1.35030788390985e-19
26 0.859063335173505 2.86968585799544e-20
27 1.22280286096038 6.43131466118978e-20
28 1.27568800668143 -4.0900532934755e-19
29 1.24137238694292 -3.12994222777102e-19
30 1.15548612676289 -1.90598098009497e-19
31 0.809391142759435 -2.54221983625596e-20
