6.25138938960746 6.63238040770746e-19
0 0.288887837327454 -4.70977134133251e-20
1 -0.0229191125883104 3.9634384623017e-19
2 -0.0281039001760586 -2.05456097685473e-19
3 0.10558978782774 3.14206463905901e-19
4 0.145361028766593 -6.07890651003034e-20
5 -0.0148166800857468 -4.2763951377872e-19
6 -0.158095217030354 -1.5098838732096e-19
7 -0.204033915861878 -6.21112661545013e-20
8 -0.244084424571767 1.48633635747764e-20
9 -0.351262594363042 1.03764622285835e-19
10 -0.404462217271414 -7.52501362650804e-20
11 -0.307965549781015 -1.13819250586419e-19
12 -0.0420323553345449 4.0282879987936e-20
13 0.274478688027575 1.32558031044189e-19
14 0.297851792556098 -2.78847643016357e-19
15 0.123119157087559 1.46187697894968e-19
16 0.154449371334596 9.0590886833056e-20
17 0.086746341333801 7.00664644647686e-19
18 -0.172158798601838 1.27977261468997e-19
19 -0.317105294826497 2.84501192351548e-19
20 -0.336639046115753 1.36849150084182e-19
21 -0.210815791114856 1.65369000003737e-20
22 0.0237707271041626 7.58938041210794e-20
23 0.20336815151628 -1.62933789948541e-19
24 0.295675774418065 -5.12788725279185e-20
25 0.459698225529862 2.80607001822754e-19
26 0.848511617928699 -1.88401581450901e-19
27 1.23621754157219 -2.28276805130037e-19
28 1.27061493112111 2.03216669936477e-19
29 1.24529072333202 3.33017656997471e-20
30 1.17710873600244 -2.43893796486212e-19
31 0.829143854544281 -1.3832422225418e-19
