6.41719624129562 -8.4280125797396e-19
0 0.319148727616476 -7.64409217986785e-20
1 0.084679260618069 1.36538043953783e-19
2 0.0342414284610509 -1.7003559195973e-20
3 0.0961354868422401 -2.02862652615678e-20
4 0.124335398438361 2.53041925889598e-20
5 0.00327871601495919 -1.50647779747161e-19
6 -0.145234193565757 2.96462686675529e-20
7 -0.216329675830731 3.99892065286364e-20
8 -0.252474179940099 2.36789312525624e-20
9 -0.345711901683852 6.21407675979012e-20
10 -0.37818811436865 -4.0864863007735e-20
11 -0.263612828966681 3.3966889150946e-20
12 -0.0549193234354627 1.32756495299789e-19
13 0.170506591557519 1.91984665849295e-19
14 0.2176028710792 4.74222292907246e-20
15 0.153186913731467 2.12965556005461e-19
16 0.200485890717483 -1.6966011904373e-19
17 0.153654414981288 -4.20996325114931e-19
18 -0.0755540508105543 -2.42684237306814e-19
19 -0.256864183451913 -6.51928260150964e-20
20 -0.30489730536586 -2.00521310789481e-19
21 -0.208665138809259 -1.10123524313225e-19
22 -0.0183728857480218 1.1309512424842e-19
23 0.165281474842761 -1.45763949889768e-19
24 0.324034176238904 2.52612813985598e-20
25 0.546260848375717 -8.23143909846691e-20
26 0.884039538338761 -3.54178237763437e-19
27 1.18715893105157 -1.11570436014523e-19
28 1.24613123907889 1.46648993191767e-20
29 1.20330878153087 8.90139005858585e-20
30 1.08023253481471 -1.74729003409722e-21
31 0.744316798942163 1.887663265693e-19
