5.4900089250356 -1.51633262054189e-18
0 0.262258033996007 2.55962568786193e-19
1 -0.127276326539669 4.406121030265e-19
2 -0.0908039081703388 2.62997322062382e-19
3 0.128047145926681 -2.54828104189995e-19
4 0.156062620694833 2.22749307416646e-19
5 -0.0747495403809424 -1.96039773342088e-19
6 -0.200048837330146 -3.2704361470898e-19
7 -0.166591619096997 7.14471320158864e-21
8 -0.208703252753925 -3.28678262868277e-19
9 -0.372332026908168 1.68576611486132e-19
10 -0.426904584568506 -2.08022723261269e-19
11 -0.310661162088318 7.02375728364883e-20
12 -0.00382868499444664 -2.37084326959623e-19
13 0.367230730893065 -4.32330243279313e-20
14 0.382577407987567 -4.14366546198141e-19
15 0.120859024272319 3.57766686060631e-19
16 0.0770427728657462 4.01970576071361e-19
17 -0.0142798948001571 -7.46955091291613e-19
18 -0.268377437662073 -3.3973325829506e-19
19 -0.346102751545864 6.13254549803025e-20
20 -0.344763139435594 1.48478082682564e-19
21 -0.21929063742359 6.65917308221341e-19
22 0.0758765465060279 -7.91990385616341e-19
23 0.266119573645851 1.53117855144557e-19
24 0.281415934672267 2.52360710741999e-19
25 0.355177751728191 -4.86645082528026e-19
26 0.633861771168663 5.85694837768669e-19
27 0.967486887003628 1.0674158611983e-20
28 1.18708297186642 -3.0845100049351e-19
29 1.25686600161687 -2.16170485538456e-19
30 1.2576439371137 -1.32989824897589e-19
31 0.889113616776499 -5.49686985124326e-19
