6.43256704549829 -2.4548486296776e-19
0 0.329577255609578 -1.70392291229929e-19
1 0.104547039366662 -2.67642458423175e-19
2 0.0450049447764103 -4.95785166083212e-20
3 0.0952526028395815 -1.80033899322914e-19
4 0.119499086062911 2.05072578921274e-19
5 0.00347124930628545 2.04605919725675e-20
6 -0.14403189243889 3.33940247591069e-19
7 -0.217645804809126 -1.52796021216557e-19
8 -0.25459211154749 7.57597066510796e-20
9 -0.345868678034339 -9.00317003831569e-20
10 -0.372606385424879 7.71489564402774e-20
11 -0.253976435488102 4.95865624565212e-20
12 -0.0558398725608709 1.36068702808784e-19
13 0.15305947774936 8.51264149305647e-20
14 0.20501990126757 3.08960570879509e-21
15 0.159677756983735 -2.96441231080329e-19
16 0.206006786082716 1.05368428027033e-19
17 0.160405694201162 1.11408178075823e-20
18 -0.060939206565861 1.66506146549335e-19
19 -0.245664574010752 2.34970950832426e-19
20 -0.297937334625721 2.68229805341774e-19
21 -0.206899294788843 1.73953920033123e-19
22 -0.0233918192046578 -2.07105496566471e-19
23 0.160887287809178 6.55736628298958e-20
24 0.328942133839808 -6.89797385678903e-20
25 0.557738450743575 -1.28760390693795e-20
26 0.887910348210531 -2.87035634534544e-21
27 1.17866060076259 -9.95378700314418e-20
28 1.23624787003482 -1.36457585471783e-19
29 1.1906181209643 -5.73776254635088e-20
30 1.06015278727996 -1.43806126827771e-19
31 0.729281061107088 -3.21555005261889e-19
