6.22982947314966 2.31445193102457e-19
0 0.288016029473129 -7.13613096350866e-20
1 -0.0282419400328255 -1.53675700619756e-20
2 -0.0313429265619193 2.56190534485193e-19
3 0.106341252746274 3.49533101402644e-19
4 0.14608628901785 -3.77790120280999e-19
5 -0.0167535016308778 2.72940649462866e-19
6 -0.159199957394162 -1.33593263512588e-19
7 -0.202952067475824 -3.80675897835395e-20
8 -0.2437037904689 -6.81027411140917e-20
9 -0.352114397570277 -6.3530352630774e-20
10 -0.405720601557434 -3.773905098204e-19
11 -0.309393898014197 -3.55149103446235e-19
12 -0.0407819526732659 8.97487547214573e-20
13 0.279751009446246 7.22906051021851e-20
14 0.302293561994388 -1.37412359458182e-19
15 0.12236961889903 3.66300649051418e-20
16 0.151089788815055 3.88882662999382e-20
17 0.0818715066186003 -1.68640978271732e-20
18 -0.177272228376444 1.72792635942925e-19
19 -0.319694166335244 2.88148643535542e-20
20 -0.337801079585692 -6.84969876758911e-21
21 -0.210844693495961 2.7028149663277e-19
22 0.0262852139475417 6.83588672817913e-20
23 0.205899765006847 -3.36885028032264e-19
24 0.294395963223607 2.0125348297568e-19
25 0.453612418505383 2.18847071039652e-21
26 0.844237898977685 3.04658724041916e-19
27 1.23647437470063 -4.39949661524701e-19
28 1.26683905405771 1.39595466269778e-19
29 1.24562455529342 -1.11343811290223e-19
30 1.181449719512 2.04579100231675e-20
31 0.833008654087291 4.56478515676874e-19
