6.37134533994713 1.36614211316743e-18
0 0.301660713205266 9.00705886494568e-20
1 0.0391777173668726 -1.09951879551625e-19
2 0.00887525664888085 6.04994145651038e-20
3 0.0990037450834589 -1.73404120406124e-19
4 0.134503963500328 4.29192362481318e-20
5 -0.000161013003791614 1.10721599029424e-19
6 -0.149015873655613 -5.61553270244607e-20
7 -0.212672437686974 -6.19423033423015e-20
8 -0.248295957289834 8.89334421038586e-21
9 -0.345971715148061 6.76333999690925e-20
10 -0.389854495195092 -3.79120367183397e-20
11 -0.284970063802166 5.50716853693925e-19
12 -0.0518120302824838 1.14342230719418e-19
13 0.212861060492509 -1.26904481708998e-19
14 0.249043406153833 -2.14260937565659e-20
15 0.138459397025141 2.10385520682666e-20
16 0.18554672041267 2.09470975937267e-19
17 0.132774024777003 -1.66039487353736e-20
18 -0.113417907164785 2.75039274868363e-19
19 -0.283053750168677 -9.73118520294453e-20
20 -0.319736158193348 1.80001715930114e-19
21 -0.210593441908142 1.4451416146937e-19
22 -0.00325054047625867 -3.81748677595393e-20
23 0.178309238408367 1.76543342178819e-19
24 0.312091356304917 -4.21066055799331e-20
25 0.515180468961984 5.1604058892668e-20
26 0.871275682844796 3.143432433253e-19
27 1.20610379719292 -1.13682471167019e-19
28 1.26604026049011 -1.14025760690219e-19
29 1.22836640987113 -9.28410423796524e-20
30 1.12400574396013 -6.27576159599002e-22
31 0.780871761222026 5.08604884215192e-20
