6.32532684432288 2.36530906700934e-18
0 0.294365282343581 1.78762655307316e-19
1 0.00846449212640597 8.01098285778726e-20
2 -0.00914544846413187 1.86336480412904e-19
3 0.101799769106158 -2.14448674023659e-20
4 0.140408181402009 1.91185444928096e-19
5 -0.00569077852610102 -2.28598639058037e-19
6 -0.152757538087616 5.67661410003098e-20
7 -0.209176055156607 -2.35099684403626e-20
8 -0.246112231864746 2.9576269788213e-19
9 -0.347609090599522 9.7526407981445e-20
10 -0.39714904566657 4.33590759497311e-20
11 -0.297653009819609 3.22214764814288e-19
12 -0.0480111015872501 1.40531466610377e-19
13 0.243137222557058 1.29495244829394e-19
14 0.272425002932069 4.60099147366869e-19
15 0.129621430546961 -1.85928824104104e-19
16 0.172070850903298 5.51129873901524e-19
17 0.112729913009255 1.45930230752568e-19
18 -0.1419642895423 -1.31630076551791e-19
19 -0.300550257113783 1.17871676129813e-19
20 -0.328753465579914 2.55847244961993e-19
21 -0.210811124088073 -5.94775918437054e-19
22 0.00944284249439678 -6.35836563750989e-20
23 0.189656773776178 2.85037582231547e-19
24 0.303821774080336 -7.15597738906862e-20
25 0.490308325588888 2.61495430398384e-19
26 0.860821725998043 1.91024527964096e-19
27 1.22012950979456 -1.3187681589659e-19
28 1.27499926843517 -9.44770315136498e-20
29 1.24002235231148 3.14052251815401e-19
30 1.15111559231167 6.34924700954991e-20
31 0.805369970701585 -4.55336005232476e-19
