5.50980717763822 -3.48286397224056e-18
0 0.138112452114175 9.4981238000849e-19
1 -0.221613690939263 -3.0173003529712e-19
2 -0.15826476262688 4.60651628943268e-19
3 0.183741042702621 1.09264764115346e-18
4 0.145243443634566 8.84399634142594e-20
5 -0.217808376427645 3.63640155246622e-19
6 -0.216054221617975 -1.04904450780833e-18
7 0.0596010079892952 -7.69075809942777e-19
8 0.0455753015968703 2.43606827900413e-19
9 -0.0169578946548315 1.77309038732518e-19
10 -0.18721401549379 -3.09153671236309e-19
11 -0.298525125232097 -3.40272330124459e-19
12 -0.0134473824116356 -9.09080273496055e-19
13 0.490599644644919 4.05510749279355e-21
14 0.345995841223062 5.93805052754256e-19
15 0.0398477103735781 2.16739595201135e-18
16 -0.0703596720626645 -8.78628079033803e-19
17 -0.390843840538204 -1.761590188298e-18
18 -0.474102254254635 -1.87747185797302e-18
19 -0.247366199365378 6.20452901992614e-19
20 -0.273165036643014 -7.96860805726733e-20
21 -0.288875018077771 1.76882608777919e-19
22 0.155835567080617 -9.08813419530755e-19
23 0.4763179895091 4.43857261800494e-19
24 0.289681384478601 -2.86153273181945e-19
25 0.23228898330758 -1.8266220973491e-19
26 0.562489185741499 -1.22256127008926e-18
27 0.978951891071605 3.87895705620183e-19
28 1.17925420436447 -9.40827849518504e-20
29 1.22254215834165 -4.9063582323522e-19
30 1.25534218061212 2.5778897632759e-19
31 0.782984679197679 -5.04635599103198e-20
