6.42512284106816 -2.99934134930148e-19
0 0.324189696133501 3.42431299391456e-20
1 0.094660971019574 -1.41242183201375e-19
2 0.0396567410368334 -8.67074241018622e-21
3 0.0956675133272599 -2.28341171915637e-20
4 0.121933617287695 -5.33171540719152e-21
5 0.00345799801541731 1.6974325947513e-19
6 -0.14460328231714 1.03105533220786e-19
7 -0.217004276502626 6.68824541370937e-20
8 -0.253522795573749 -1.01372323421039e-19
9 -0.345793793951557 -2.37717267018022e-19
10 -0.375428511813705 1.12861794650621e-19
11 -0.258773997925332 -1.56658028352551e-19
12 -0.0553920985374843 1.72846274930925e-19
13 0.161671851393494 -2.4545200908761e-20
14 0.211202664722247 -2.50976824851601e-20
15 0.156452597516132 -1.98158513368085e-19
16 0.203301614591469 3.70323573151411e-20
17 0.157184128607591 2.3279454889433e-19
18 -0.0680726888692746 1.889808825213e-19
19 -0.251217743421764 -2.56630374186792e-19
20 -0.301441875419391 -9.88925259570678e-20
21 -0.207861125069223 3.82150970005392e-20
22 -0.0210181112579639 1.97565132063336e-19
23 0.162983891369818 -3.11588881291505e-20
24 0.326530117628266 -2.74095228679564e-21
25 0.552185128561366 -1.47768707066265e-19
26 0.886125107007826 7.90745961094743e-20
27 1.18292907218254 -1.48384214453564e-19
28 1.24124151532797 -1.42977404463173e-19
29 1.19703749537581 -5.27324891027162e-20
30 1.07019703931125 -2.10479388911665e-20
31 0.736644381311301 9.06820731126558e-20
