3.13822339374081 -8.07883617760709e-20
0 -0.259943192613868 -2.03099736942637e-18
1 -0.590713033931905 -1.63000302293661e-18
2 0.158447605735233 4.56575065855274e-20
3 0.459745189062538 -3.02523892319519e-19
4 0.0580713764702282 -6.9825089018769e-19
5 -0.822688147357452 5.52395754018322e-19
6 -0.196497649822979 6.42208875525379e-19
7 0.23444453365996 1.3821265315914e-18
8 0.246310330830705 -1.8225240786659e-18
9 0.0664274378835356 1.15765809460936e-18
10 -0.0851707808965291 -1.08397958069268e-18
11 -0.640054693175321 1.68203284129653e-18
12 -0.430673026167739 -2.37895348458182e-18
13 0.186307539879945 7.77207480523564e-19
14 -0.0978369940197713 2.68499609451413e-18
15 0.218729652279671 2.52725455860398e-19
16 0.30007322499106 -1.00206211821921e-18
17 0.0386567356516838 -2.68830025617493e-18
18 -0.588971567534438 7.11124247307669e-19
19 -0.478420238704517 -1.16975905030214e-19
20 -0.0644651673988766 -1.16727020125894e-18
21 -0.0920387323654262 -1.26124302628539e-18
22 0.182341528224388 7.51117476760406e-19
23 0.577167758912853 -1.18271822980292e-18
24 0.335673999549234 1.0699905326223e-18
25 -0.307024816393246 6.43925323141376e-19
26 0.207441921835356 2.18297807802533e-18
27 0.942018636155135 1.71722001742447e-18
28 1.02003139859324 -2.26834989132599e-18
29 0.988094260482241 8.0544304380672e-20
30 1.13634995312086 -7.18504972056458e-19
31 0.436388350805003 3.93795994300174e-18
