4.87698287603175 -3.11579762663544e-18
0 0.00993735048961386 -5.35123999882349e-19
1 -0.293904008862142 -7.1073804659407e-19
2 -0.150416309321714 -4.25893564719323e-19
3 0.270785323448693 -1.40785179023616e-18
4 0.108752338711734 1.76810196144119e-19
5 -0.555575274162213 1.01184586963039e-18
6 -0.332862982286928 2.72958082133966e-19
7 0.133719207398539 -2.0120413510672e-18
8 0.23013124992666 -5.0969911957039e-19
9 0.221812660464379 5.82036658787075e-19
10 -0.105346015846071 -1.01875457128478e-18
11 -0.415465267322176 1.09305529746226e-18
12 -0.190941190894248 -8.00722812862727e-19
13 0.360392326876377 3.03639583269917e-18
14 0.193566268720221 5.21113496216772e-19
15 0.0676554998451092 2.3267520214603e-19
16 0.0219291880434622 3.35037701285547e-18
17 -0.307861275289695 9.83422569889237e-19
18 -0.505173811177176 -8.80237248673801e-19
19 -0.254554793181409 -5.38835817851943e-19
20 -0.149740282305969 4.76743325343242e-19
21 -0.324048933697235 -8.05957978091519e-19
22 0.133247067575704 -1.89967839900498e-19
23 0.676608797787879 -1.16847171459014e-18
24 0.398343484965956 -1.24459616635962e-18
25 0.153354923605799 1.09655255947986e-18
26 0.43699788188551 -1.40963260463776e-20
27 1.00729225117011 7.0476266333088e-20
28 1.17711948964906 -4.11368126768946e-19
29 1.10931704774255 -4.12537456707344e-19
30 1.14260898335176 -2.72026909302288e-18
31 0.609301678719602 -2.13096971526061e-19
