5.6255129330475 -1.60307356901125e-18
0 0.244416166111477 1.10678687839024e-19
1 -0.158979693669235 -1.31029319886192e-19
2 -0.109944550235511 1.42422240937374e-19
3 0.138993275626966 3.5208631723144e-19
4 0.159800388809783 1.70765082196529e-19
5 -0.0983751847968013 -6.12449964983026e-20
6 -0.22795993568255 -3.41508708797857e-19
7 -0.148965412446025 1.08967604121827e-20
8 -0.160533550227256 1.04392198445434e-19
9 -0.241603176129163 -5.07998763650792e-19
10 -0.334214449675438 1.1319972027502e-19
11 -0.295429383266113 -2.88277377106742e-19
12 0.0104859939226281 -2.8963980740194e-19
13 0.391007085461888 -3.79466338655997e-19
14 0.384419005059903 3.91390285688378e-19
15 0.101372313134141 -4.49795097772085e-19
16 0.0517470636324941 -4.89487948892022e-19
17 -0.0432165437445987 1.17173296506054e-18
18 -0.300927326221243 -9.91527420976024e-19
19 -0.338655286593998 1.77437772303718e-20
20 -0.337830805066236 1.49792237888562e-19
21 -0.229392568510141 -3.22477595855487e-20
22 0.0949477306412962 1.90268218233298e-19
23 0.295922474311039 -3.34862838184668e-19
24 0.280829579975259 -4.37265030175305e-20
25 0.329987788265298 2.04723925499275e-19
26 0.609463542655274 -4.97877086615209e-20
27 0.952061767474567 -4.04373602733757e-19
28 1.17594972332018 1.99537035359683e-21
29 1.25835509103541 -1.46831365750967e-19
30 1.27712404634226 1.96109504026488e-19
31 0.894657763531942 1.05346972431833e-20
