4.49236772482279 1.43029970671412e-18
0 -0.066850917039722 4.43873353496894e-19
1 -0.378520784636814 1.64905559147418e-18
2 -0.136390856661706 3.59981976265028e-19
3 0.312459225854704 7.13205440042066e-19
4 0.105967894839265 4.00876340716163e-19
5 -0.618188609250584 -3.7118179695941e-19
6 -0.334801311998629 3.47237352716248e-19
7 0.154463640025792 1.10427657375184e-18
8 0.255250914543783 -1.73779593322124e-19
9 0.237690792272503 -9.53615384257684e-19
10 -0.0980665151612149 -9.72217385296055e-19
11 -0.469199628521545 -8.01001735600327e-19
12 -0.260984148847581 2.16669328126856e-18
13 0.314219851114648 -2.45902576586809e-19
14 0.138179208337199 1.13723236797899e-18
15 0.0835922525272424 -3.42163104451456e-19
16 0.100861930631267 -3.13080045157902e-19
17 -0.23099959310365 -1.4476519193321e-18
18 -0.510174537264093 -2.5191979826064e-18
19 -0.277290387314885 -6.38035762258986e-20
20 -0.111411690095189 -1.85783998836505e-19
21 -0.288568875794098 2.59569790729187e-19
22 0.148829802650901 7.19727940982856e-19
23 0.70201178440242 1.05201074384473e-18
24 0.410516072090345 8.13445980816307e-19
25 0.0668141456647645 3.66719033157817e-19
26 0.36622440467875 -9.2472542532093e-19
27 0.976462199149976 -1.43598007554332e-18
28 1.15257203907444 -6.12256864626227e-19
29 1.06555183661508 1.25453010693721e-18
30 1.11620590002583 4.32373154469713e-19
31 0.56594168601359 -4.28167857810519e-19
