6.3425375932272 -1.04442015655539e-18
0 0.296503290705712 -1.4451416146937e-19
1 0.0187545030481016 -3.08638736951509e-19
2 -0.003030842498631 3.49243450867445e-20
3 0.100771972691522 -2.65620268575578e-19
4 0.138537244071356 1.0094321151704e-19
5 -0.00349403852376643 -2.04989438489874e-19
6 -0.151367362966457 -1.0082520574344e-19
7 -0.210483125372539 5.53017966279121e-20
8 -0.24679584603992 -5.12010959953186e-20
9 -0.346873277372103 -4.47807773266688e-19
10 -0.394737635852959 -1.51578416188959e-19
11 -0.293643639625113 1.65099464089038e-19
12 -0.0494883117828428 -7.11521175818869e-20
13 0.232895454950366 -1.56143094067752e-19
14 0.264409594495032 -1.52822840710557e-19
15 0.132384404711683 3.42425935492656e-19
16 0.176982617002191 -1.10925427183824e-19
17 0.120055504350561 -1.1923142447561e-19
18 -0.132212992387827 2.60470925727586e-19
19 -0.294773755175155 1.5116003208256e-19
20 -0.325849107270867 4.01246449733362e-20
21 -0.210793561273592 -3.32819192741871e-19
22 0.00500805258788324 7.12842035898367e-20
23 0.185622708980413 -4.7188899692925e-20
24 0.30658663762354 -1.39134170972979e-19
25 0.499033216951412 5.40238477388141e-20
26 0.864353679437811 -6.29936275070999e-20
27 1.21513789951635 -3.37389234519464e-20
28 1.2727414494983 1.26073077395e-19
29 1.23677011752617 3.9615074587337e-19
30 1.14226516384164 2.01789872855679e-19
31 0.797267577378923 -1.42867444537773e-19
