5.6116214816319 1.95884622569299e-18
0 0.274238381741067 -3.16148195271497e-20
1 -0.0940524579756676 5.81017518015076e-20
2 -0.0710782906450836 -1.02477286573837e-19
3 0.118892176886366 -4.18464564881335e-19
4 0.152970484379457 6.59872194273751e-19
5 -0.0508458582417916 -6.75094939068127e-19
6 -0.180475054390916 4.02968261248159e-19
7 -0.18260160727923 -1.01130947975039e-19
8 -0.232562335789515 1.36886697375782e-20
9 -0.369450990909537 -2.14845602534858e-19
10 -0.423865444495487 5.46881666051931e-19
11 -0.317823402512067 4.03477831634159e-19
12 -0.0190945407299562 2.32192451254031e-19
13 0.340993876359955 2.33415420180429e-19
14 0.358742712234899 -2.25401755373242e-19
15 0.121658767926239 -3.6495967435142e-20
16 0.103733559237491 -2.69825565234771e-19
17 0.0172533812088471 1.77655010205118e-19
18 -0.238341540674988 5.58982621744711e-19
19 -0.343259151508382 2.65727546551578e-20
20 -0.346237239769492 3.2719782679948e-19
21 -0.213905041683659 1.3837786124218e-19
22 0.0584514298515658 -8.78928457366603e-20
23 0.242396621836435 3.0851000338031e-19
24 0.283783791527102 -1.03394513268636e-19
25 0.382500572898666 7.86883953958749e-20
26 0.67165427420566 -2.18912778799952e-19
27 1.004373543463 9.93276051984821e-19
28 1.20213072522567 -1.07492531951829e-20
29 1.25292358654297 -1.46069692121368e-19
30 1.23384309572305 -4.73109283906248e-19
31 0.874673456989242 -8.5532730264664e-20
