3.77511002004576 -4.56045917238655e-18
0 -0.184576482951037 1.78347489540196e-18
1 -0.51940846773996 1.78066689438017e-18
2 -0.0545395331598336 1.35298983330985e-19
3 0.39237695517244 7.41848659634021e-19
4 0.0937695200281946 -3.55873229784234e-19
5 -0.721757423730693 -1.83869086964908e-18
6 -0.30153753565235 1.90894721613137e-18
7 0.18733424447758 6.96706087333292e-19
8 0.274379435692086 -2.0140152658256e-18
9 0.204835862777756 3.66628919657977e-18
10 -0.110066381828932 -1.48090809189205e-18
11 -0.563997369754824 1.81625904486751e-18
12 -0.349715427800052 -1.72490112050606e-18
13 0.242729327642694 -1.31475596266351e-18
14 0.0387979756663433 1.20962354618368e-18
15 0.154581319948852 7.32107819413236e-19
16 0.217630351684171 -1.14547131653578e-18
17 -0.0982636055826623 -3.13938268965901e-19
18 -0.534004673333971 7.19792307768456e-19
19 -0.350886587799231 -1.20897987832768e-18
20 -0.0724056799125025 -8.50499793726648e-19
21 -0.197266621677317 -1.62234337545022e-18
22 0.174352105640238 -1.22262563687486e-18
23 0.678358552119723 -4.26065209480923e-19
24 0.385291529745805 -9.83846317894436e-19
25 -0.112621949568678 2.17763563482054e-19
26 0.272731186899643 3.21941205975488e-20
27 0.924863865716307 2.22672603663806e-18
28 1.07924634877097 -2.3900996662882e-18
29 1.01414417111289 -1.85977099193304e-18
30 1.10801869645719 -3.46507862479449e-19
31 0.502716310984922 -1.12886468585101e-18
