5.53274661062987 -1.45390086143409e-18
0 0.268861357718418 -3.68639308928214e-19
1 -0.110747331447254 3.50369869615443e-19
2 -0.0809978272480191 -2.43660466888413e-19
3 0.123220485565456 1.37020794845782e-19
4 0.154464399981656 2.54921972418995e-19
5 -0.0624204871464445 -4.45203600399292e-20
6 -0.189244585650604 -2.05287134873274e-19
7 -0.174995572184368 2.02532772839478e-19
8 -0.223933021536793 3.73316628681807e-19
9 -0.375321141987935 -1.47603767178165e-19
10 -0.429127422133246 -4.60018688884869e-19
11 -0.315901042786113 -2.30738834679233e-19
12 -0.0116989951846569 -3.76062944867402e-19
13 0.354643978710874 9.53003899794485e-20
14 0.372039456098983 3.45064973702251e-19
15 0.122289220325006 -3.07490862608311e-19
16 0.090492359509053 -2.04013208908276e-19
17 0.00114652176381114 -2.18841707140852e-19
18 -0.253336329269738 1.73168108858925e-19
19 -0.345730709524966 1.09874103019025e-19
20 -0.346107484370468 -3.27734216679479e-20
21 -0.216119143341928 -3.84366260209789e-19
22 0.0670203664706784 3.03596672079517e-21
23 0.253660501896766 7.51643138842805e-20
24 0.282380410156774 -5.12252335399186e-19
25 0.368456708405834 -2.63624898221981e-19
26 0.65026844225013 -3.03022734907918e-19
27 0.981592856754128 1.66468599257735e-20
28 1.1939237931529 -6.11430824211028e-20
29 1.25512776409878 1.64500048398138e-19
30 1.24612466418014 4.42189089273697e-19
31 0.882714417403004 1.67053264226934e-19
