5.64677476105921 -4.52591700508931e-18
0 0.240738649815828 4.88382985739224e-20
1 -0.163974909220238 -2.97334320230527e-19
2 -0.113064481083113 -2.71091445351569e-20
3 0.140950363466736 -5.64201695277103e-20
4 0.160463959522773 8.70131663334617e-20
5 -0.10161721867697 5.32506417267953e-19
6 -0.232787295270254 -4.5291152297488e-19
7 -0.145515024365312 -3.79774762836996e-19
8 -0.152134875263825 -3.62840934325423e-19
9 -0.217537526493539 -7.81069487659558e-19
10 -0.318518127351712 -1.47145690220646e-18
11 -0.293635743749679 -3.56624175616233e-19
12 0.0122777124458874 -1.18209601754212e-19
13 0.395264991508176 2.81604686999552e-21
14 0.381834948861842 2.38441393356021e-19
15 0.0954573178803617 -3.85996885444986e-19
16 0.0477264472817771 -8.00293700958728e-20
17 -0.0483678515114211 -1.89334899842099e-19
18 -0.307305862557654 -7.64631819786984e-19
19 -0.33611663500464 3.79688940456196e-19
20 -0.336073532003509 -5.21424602347171e-19
21 -0.231649354451535 -5.81217323245376e-19
22 0.0983766228175497 5.63145007213505e-19
23 0.301714400306235 -1.887019597837e-19
24 0.280909480151412 6.88585144550105e-19
25 0.325848525402005 2.24286064422843e-19
26 0.606181979573241 -4.06411884277754e-19
27 0.950591110622999 1.6368473578054e-19
28 1.17442333683826 -5.23344878117568e-19
29 1.25827815488316 7.44455514450817e-20
30 1.27971877935502 3.06418082848313e-19
31 0.894316417329354 1.09058790401427e-19
