5.89562268819634 1.21655906733206e-19
0 0.282234286552723 3.56109241331434e-20
1 -0.0607682307234335 2.12384913960362e-19
2 -0.0511019749343178 -1.75367307366921e-19
3 0.111729602962366 -1.44294241618571e-19
4 0.149873598666046 -9.82934455098437e-20
5 -0.0312229868604421 -2.94274215965132e-19
6 -0.167645645615015 2.68972705325572e-20
7 -0.194669671388476 -2.76294427187561e-20
8 -0.240437621075565 1.37353356571382e-19
9 -0.358977274768064 6.68180873514938e-20
10 -0.413852027518677 9.33532947150516e-20
11 -0.315888418742642 1.7636499254372e-20
12 -0.0315454497506931 -1.58100917129749e-19
13 0.311178540806082 1.03019040352636e-19
14 0.330069103838388 -1.93976013278792e-19
15 0.120279018103337 3.55310020410235e-19
16 0.128784741247126 -4.94444191383214e-20
17 0.0503239703951459 4.85454296994428e-19
18 -0.207998954444839 -2.52596722289198e-19
19 -0.333588889006935 -1.68265505355733e-20
20 -0.343502051650203 2.36684716499024e-19
21 -0.211542574898802 3.13251689919502e-20
22 0.04195385368518 4.33617578991311e-20
23 0.222656910048901 2.31055304708433e-19
24 0.287971385178385 1.50462725238561e-19
25 0.414565353058808 2.21429788311848e-19
26 0.750618555575363 -3.76711976622201e-19
27 1.1167171719757 3.97365668951568e-19
28 1.22815924947619 -3.77800848078599e-19
29 1.24815411452308 -3.34227216176869e-19
30 1.2078717513176 -5.31267356645155e-20
31 0.85522325216402 -1.71196876049928e-19
