3.29640613544198 -8.22099022360453e-17
0 -0.0222186550160649 1.43179194336028e-17
1 -0.161855431578607 -1.26395769546807e-17
2 0.157017065027577 -7.24958815092607e-18
3 -0.614624202548685 8.24787408439009e-18
4 0.151711158644696 -1.90161798481106e-17
5 0.308333776629002 -1.74981535765226e-17
6 -0.40656354894351 3.32805461160943e-17
7 -0.0585559249143592 -1.07562906304085e-17
8 0.0810301740377607 -8.5303327040786e-17
9 0.29083526841682 4.46207722254651e-18
10 0.165554446557571 4.13663875455342e-18
11 0.217119843368309 5.95367020084814e-18
12 0.506979372296281 -8.70307599215256e-18
13 0.22999601270211 1.29124921256243e-17
14 0.2465548259991 -9.38072951094829e-18
15 0.14932979971579 -2.5420202992206e-17
16 0.16953957664757 3.08857584022549e-18
17 -0.114781724094419 -4.01648742143361e-20
18 0.658406781636905 -8.62823887609508e-18
19 -0.606142413533942 5.64333647187583e-18
20 -0.061193011160369 -1.83639297540316e-17
21 -0.181406566055059 1.60093069144065e-17
22 0.45747514603234 -8.50328148965048e-19
23 0.0424286495913578 2.16203741711016e-18
24 -0.310541930297138 -5.55373790632077e-18
25 -0.307027114930373 -2.01198556651968e-17
26 0.0137093560271436 3.37604648695271e-17
27 0.572475937322031 2.88260212630582e-17
28 0.208310646988929 1.45726402598168e-17
29 0.355271087247602 -1.08136199807828e-18
30 0.387638919176841 6.94680679146416e-18
31 0.771598814448767 -2.5925568081546e-17
