5.66455531269881 -1.16007184906935e-18
0 0.22370795005878 2.99069541492325e-19
1 -0.182709461575937 3.84135612561389e-20
2 -0.12531738713827 2.41139434452417e-19
3 0.14906470314434 3.42734359673655e-19
4 0.16285253247125 -5.17702056579977e-19
5 -0.111201198372129 -4.04352147138557e-19
6 -0.240739736800469 4.05939861183355e-19
7 -0.120590104939983 -6.22378541661811e-19
8 -0.117618373538456 1.85252972855306e-19
9 -0.154428505695107 -5.9725940358145e-19
10 -0.278775144534316 -6.98894558043689e-19
11 -0.288929637560664 2.18930211471052e-19
12 0.0162341288557601 7.16316501346061e-19
13 0.414667805666363 -1.67485058080334e-19
14 0.369351754941529 -3.96928511199369e-19
15 0.0688369230682647 -2.54999748951595e-20
16 0.02191022810743 -4.94315457812014e-19
17 -0.0868189180532142 1.83820811875708e-19
18 -0.339553606406818 3.84376988007389e-20
19 -0.321371539853542 -5.21274413180771e-19
20 -0.327263908447912 2.21443198058848e-19
21 -0.242433174582121 -6.06592587493436e-19
22 0.113048525066102 -3.88721746035382e-20
23 0.32806218787018 2.19168904967652e-19
24 0.281733868728384 -3.86624461604585e-19
25 0.308880977116756 3.02309336367519e-19
26 0.59477015173982 1.53847345381355e-19
27 0.947421044832897 5.88076408835865e-19
28 1.16962149452269 1.98174605064485e-19
29 1.25672560474115 3.19790282556692e-19
30 1.28738190588113 -7.26411358887645e-19
31 0.888034223384923 3.71653820053809e-19
