6.36475987667746 8.42477412583911e-19
0 0.300242244755023 2.01655775385679e-19
1 0.034086627498235 2.07049175629071e-19
2 0.00593861805067344 -4.86311179827727e-20
3 0.0994128123358161 -1.35084427378985e-19
4 0.135546101763836 -2.57316953233191e-19
5 -0.000871980065412565 1.50612914404961e-19
6 -0.149556306539153 1.72556624395726e-20
7 -0.21216996946507 3.54489343893837e-19
8 -0.247901051367663 1.25359678854601e-19
9 -0.346134226418377 -1.1975440460861e-19
10 -0.391086982459305 -1.08028921831828e-20
11 -0.287209018724461 -1.30956907252392e-19
12 -0.0513020060472833 -8.60369367518632e-20
13 0.217807851563051 3.92358469421776e-19
14 0.252803209651588 -1.16031858841416e-19
15 0.136888454124386 2.56456047475792e-19
16 0.183548287208433 -1.07277975999829e-21
17 0.129824107109425 -2.39782368056019e-19
18 -0.118017654757992 1.24005294407603e-19
19 -0.285994797703677 -2.18297271412653e-19
20 -0.321298081704669 7.68646698038778e-20
21 -0.210670612455874 -3.38027538476663e-19
22 -0.00126698977821319 1.52120169967758e-20
23 0.180045551304342 1.37787832374181e-19
24 0.310720800171261 6.26235184899005e-20
25 0.511287323082673 4.93612787069215e-20
26 0.86958553504116 1.96903361048887e-19
27 1.20828296203711 7.64020335323785e-20
28 1.26790912995773 8.20676516398695e-21
29 1.23067524700549 5.82251214739074e-21
30 1.12864644127345 -1.51377269983959e-19
31 0.784988250230929 2.37223788328423e-19
