6.39429697006637 -1.78010569646822e-18
0 0.308347283040257 -1.67171270000534e-19
1 0.0594762156505446 -1.01906031351638e-19
2 0.0203712788953174 -1.14926895688617e-19
3 0.0975610405113886 1.66854799971335e-19
4 0.130140433533797 -1.09820464031025e-19
5 0.00196908962343568 -1.18665533152211e-19
6 -0.147118615796958 -2.54570637047595e-20
7 -0.21445631624329 1.11842653878622e-19
8 -0.250020658786427 -1.12582871913021e-19
9 -0.345648064770874 1.52286450830558e-19
10 -0.384811351340861 1.12266401883822e-19
11 -0.275668142869482 -2.2657108531164e-19
12 -0.0534670751582755 -2.19604721745151e-19
13 0.1935337460562 2.77967963613158e-19
14 0.234539038837711 3.16791863127496e-20
15 0.144942950923468 -4.31675847625714e-19
16 0.192762735520716 -4.26703513438122e-19
17 0.143205564882989 -2.36488934192824e-19
18 -0.0957682928509478 -2.42335583884815e-19
19 -0.271306329056004 1.22940560495805e-20
20 -0.313299454202694 2.16610325240056e-19
21 -0.210042317838524 -2.99959948693123e-19
22 -0.0105998794761349 -1.52602920859757e-20
23 0.171955384610793 1.58471026146948e-19
24 0.317508234772053 1.33711269286187e-19
25 0.529870926445915 -1.46756271167767e-20
26 0.877569368899119 -2.21175003118848e-19
27 1.19763137454986 6.37123899462987e-20
28 1.25773387839061 -9.06498897198559e-21
29 1.21803440120169 -9.45655358438497e-21
30 1.1049461306478 -1.04773705747583e-19
31 0.764404391463171 -9.52628426878486e-21
