3.60374914266821 1.15807755149552e-17
0 -0.0768907064621227 -8.04601984474881e-18
1 -0.500620801834704 -3.15998006105098e-18
2 0.58043389153211 8.1799027587966e-18
3 0.255095782256477 -8.51010436892407e-18
4 -0.10274182120331 -1.6357745780454e-18
5 -0.769985030314364 -8.05854991234559e-18
6 -0.118678887801106 9.37884141857069e-18
7 0.084808603697314 7.25370762520447e-19
8 0.0912635421664106 3.90594819496339e-18
9 -0.164498312829031 -2.03671528554716e-18
10 0.437993761400782 2.98730543088165e-18
11 -0.625485394941427 2.48730424034165e-18
12 -0.63629481054117 -1.36320269662503e-18
13 0.117803746914155 -4.77447068865801e-18
14 -0.115678580921814 -3.22194381998848e-18
15 0.28760165360957 -4.657408961247e-18
16 0.192851917206015 8.32958771870916e-18
17 -0.103876631229768 2.20958301607329e-18
18 -0.249554066344456 9.1200011180783e-18
19 -0.68099465509904 1.58307963623428e-18
20 -0.0560008672255655 2.21181439797408e-18
21 0.0683698697889668 -9.80143082162922e-18
22 0.15834002097919 -1.14548848101194e-17
23 0.7183469417175 7.27572106587963e-18
24 0.448695898190223 7.81000829754918e-18
25 -0.470560052030969 -2.48352805558645e-18
26 0.224615345333582 -2.34810033868427e-18
27 1.1096459854166 -3.54399230393997e-18
28 0.928495057051048 1.01533884052895e-17
29 0.857119890193575 4.88054715132664e-18
30 1.11539131718562 3.30330343698675e-19
31 0.598736536807921 5.10814810520788e-18
