6.42889730814055 -1.0847395781039e-18
0 0.3268438633266 1.47866598219365e-19
1 0.099617889961714 1.08887145639827e-19
2 0.042338957368737 1.51583780087759e-20
3 0.0954536142169516 -1.39252176746579e-19
4 0.120719939579361 -6.18457531639017e-21
5 0.00348420522597912 -8.52135782860645e-20
6 -0.144310548215782 -4.94471010877214e-20
7 -0.217328939757822 -1.40099672756977e-19
8 -0.254055710035296 1.86422302793704e-20
9 -0.345833641601136 -1.08176429048828e-19
10 -0.374025102990929 9.90604830382425e-20
11 -0.256368069430753 -3.86737103479385e-21
12 -0.055617669870005 6.86418129434909e-20
13 0.157337634829474 -6.0378726842104e-20
14 0.208083913266293 -6.68985458334937e-20
15 0.158070907822784 -1.10067203375825e-20
16 0.20466649619243 -2.60229550281586e-20
17 0.158831086989054 -1.71950503831327e-19
18 -0.0644625988604974 2.1372991158446e-19
19 -0.248428885114403 -3.32132613695472e-19
20 -0.299695586505162 -5.89224283179063e-20
21 -0.207400355124732 1.46488076227767e-19
22 -0.0222390437075658 -1.98330158129685e-19
23 0.161910976754767 -1.71296108177728e-19
24 0.327747370259596 8.84848860667093e-20
25 0.555008505446022 -6.45920693494973e-20
26 0.887055462876657 2.06335777088672e-20
27 1.18079996824141 2.49882589496403e-19
28 1.23875640707552 -3.65281508279419e-21
29 1.19384369869035 -1.56196733055752e-20
30 1.06517248856131 -3.99948386223764e-19
31 0.732920072669631 -1.49222658884738e-19
