4.02105696867508 5.95896436896373e-18
0 -0.148710808780465 -1.80081101632354e-18
1 -0.476155625851889 -1.21380738724767e-18
2 -0.0939284976523962 1.08591058426067e-18
3 0.364410528129985 -1.26300506704119e-18
4 0.0995719596794026 -2.08848763676468e-19
5 -0.685852809461637 -9.00072946436169e-19
6 -0.318899569542784 6.70165516070935e-19
7 0.176141303655931 1.14399088046698e-18
8 0.271957009124352 -6.68341790478938e-19
9 0.226161178718801 -2.14474420737899e-18
10 -0.103307257574251 -5.48233368549528e-19
11 -0.532029573634656 -2.99412831015524e-20
12 -0.322311835107979 6.95161284478895e-19
13 0.267207416049119 8.70582230833816e-19
14 0.0740240534606451 2.32316893706191e-18
15 0.125220095200838 -9.04433796160562e-19
16 0.183001131325779 2.63207586895342e-18
17 -0.144363884655961 1.60487852095745e-19
18 -0.522474271398327 3.48224310095446e-19
19 -0.319782930647516 -9.43187964990501e-19
20 -0.0817617838692457 1.52257485777038e-18
21 -0.229671622747938 -9.6872012327846e-19
22 0.168472436213912 9.8144329123204e-19
23 0.696502990023482 5.41667956418339e-19
24 0.398619516347503 1.52802457895117e-18
25 -0.053197173743342 2.50300973602802e-19
26 0.300142163178621 -3.48138487714647e-19
27 0.939120878816604 -8.35480877086672e-20
28 1.10713075397745 1.23674341851643e-18
29 1.02694331448022 6.73727144874129e-19
30 1.10470971538512 -1.26648087346359e-18
31 0.524168169575706 2.58702984683109e-18
