6.3342005781843 -1.58365491438058e-18
0 0.295404311996194 5.45937619863132e-20
1 0.0136177935210425 4.41234315287299e-20
2 -0.0060746655551352 -1.38817700943779e-20
3 0.101272858035984 -1.05537390839232e-19
4 0.13948567084662 -4.16828575747337e-20
5 -0.00454471442673524 -3.55706948921435e-19
6 -0.152042320309608 1.19990416155809e-19
7 -0.209850221300445 -3.61097667215426e-20
8 -0.246449913435484 2.3883027601902e-19
9 -0.34721469017782 -7.11360258854869e-20
10 -0.395944349857678 -1.72816103000175e-19
11 -0.295679300890912 -7.50570359082807e-20
12 -0.0487785785016493 8.13408433524707e-20
13 0.237999693346853 1.46960099322166e-19
14 0.268389129549168 -2.89972369127539e-20
15 0.130974281558094 -4.14548918757341e-19
16 0.174583724812386 -1.40126492250977e-19
17 0.116476445105976 -1.48343985212564e-19
18 -0.137062955705924 1.09659547067026e-19
19 -0.297672428935603 -4.60361978408068e-19
20 -0.32731556235653 -1.40260589720977e-19
21 -0.210806946210998 6.62005685021448e-20
22 0.00720163091453765 -4.9036762829522e-20
23 0.187607498892165 -2.42241715655815e-19
24 0.305204323158504 -8.20408321458696e-20
25 0.494733961035395 -3.30337048572175e-19
26 0.862586381779715 -3.64476923459421e-20
27 1.21757978031628 3.8995544275938e-21
28 1.27399574936067 3.46958429978648e-19
29 1.23848502713341 -1.06210560138631e-19
30 1.14671059744461 1.82056089170511e-19
31 0.801328367041225 7.26137800048846e-20
