5.57647491160029 -4.78939841901838e-19
0 0.190391696492525 5.01293890150803e-19
1 -0.205630466343966 -2.05544602015673e-19
2 -0.142732246009034 3.66525932801017e-19
3 0.16229928116414 -7.64462856974785e-19
4 0.164410337278071 -8.89366604431386e-19
5 -0.124768371171914 -5.04203805249798e-19
6 -0.186234819209538 2.33286686609229e-19
7 -0.0239313372110707 -3.18293754791494e-19
8 -0.0618490020362899 5.89513933714263e-19
9 -0.110957964317634 1.54877213950954e-19
10 -0.246503887029999 4.32914908248512e-19
11 -0.286525021808318 -1.09664910965826e-19
12 0.00924512353931838 1.10426584595424e-19
13 0.452125329873194 -3.31467490244273e-19
14 0.361506563587331 -1.12111921598382e-18
15 0.0436349517721404 -1.56203169734312e-18
16 -0.0575530474079993 -4.28468236143319e-20
17 -0.277263562737288 -5.0951674701119e-20
18 -0.404397664037155 1.01682356771678e-18
19 -0.285302373699149 9.39797980948906e-19
20 -0.308815768021921 -3.8346512521139e-19
21 -0.262822390239866 7.44181955612017e-19
22 0.137577923031236 3.13187323133902e-19
23 0.380747251999958 7.27044298946044e-19
24 0.284316499980915 -5.2833330400156e-19
25 0.279313962672855 -2.21872309962847e-19
26 0.581154996801143 2.44808341231611e-19
27 0.952027758522688 1.14261772237418e-19
28 1.16826906899943 3.6483094078022e-19
29 1.24888370601631 1.72266973860526e-19
30 1.28690147899911 -2.04235810708475e-19
31 0.858956902151073 -2.67122160239575e-19
