6.44646087600725 -2.56405090437192e-19
0 0.341128769992496 1.81621613367711e-19
1 0.123903146627646 -1.58787496176148e-19
2 0.0555129594716267 -9.47613181500494e-20
3 0.094570746224957 2.20515243566449e-19
4 0.114562865350464 -2.18042486219653e-20
5 0.00307064251757823 7.25789146626846e-20
6 -0.143042953022896 3.82231428487392e-20
7 -0.218838981838727 -2.11562896469264e-19
8 -0.256736365550711 3.0193922735032e-19
9 -0.345905198097791 -3.12597294265903e-19
10 -0.366789956955774 1.07851913171429e-19
11 -0.24462594772996 1.43985817437571e-19
12 -0.056747673558192 4.19054593749334e-20
13 0.136514573070036 -2.50579896340402e-19
14 0.193319466283357 -5.98396550127049e-20
15 0.165971625284101 7.74386069754769e-20
16 0.211169205820169 -2.16468181921856e-19
17 0.166062977923501 1.70901861615928e-19
18 -0.0476994472411549 -6.14970997419022e-21
19 -0.234871424412195 1.19950186914809e-19
20 -0.290789818457423 1.58889410253347e-19
21 -0.20448053052164 -9.20874145982536e-20
22 -0.0273207781197268 2.47254279084407e-19
23 0.157263463185991 -2.03913306293126e-19
24 0.333468145332067 -8.55152975935641e-20
25 0.567715006039732 -3.10495986911006e-20
26 0.890577974436961 2.16948250864455e-19
27 1.16999632165785 9.80681617602441e-20
28 1.22602325150269 -2.37491983268422e-19
29 1.17749488143213 -2.00293345090482e-19
30 1.04026869649051 -3.59984658214428e-19
31 0.715715232869581 8.84091209961595e-20
