4.51027660073873 -4.41260169279514e-17
0 0.335482315325114 1.52911452318733e-17
1 -0.376889976052634 -4.20804297537891e-18
2 0.199399785931754 1.62224897083134e-17
3 -0.282127122304757 -3.22674987331327e-18
4 0.024782971009495 1.11658350315854e-17
5 0.073882390814384 1.71395876695408e-18
6 -0.479117194504589 -3.7089000086469e-18
7 -0.0792106583331542 -2.88363199487542e-19
8 -0.151046947161786 -6.50293343796726e-18
9 0.0645778292766748 -6.21079405372453e-18
10 0.334195733119855 -4.3378064151483e-18
11 -0.206286374824451 1.09523089481554e-17
12 0.0566296642038487 -2.44773154055483e-17
13 0.319175724215204 -1.29924785845297e-17
14 0.455849924926481 -1.284658053717e-17
15 0.374769289979125 1.0090995534448e-18
16 0.0996235749021996 -4.48713735774007e-18
17 -0.396051435045156 1.52808465461773e-17
18 0.330650631840567 -1.85106860251994e-17
19 -0.765588149298832 -1.4595994675192e-17
20 -0.0658279079075125 7.72058137675573e-18
21 0.0946638477656437 5.50018474070166e-18
22 0.391146017091854 -1.01442054105439e-17
23 0.294062515040075 -1.35937501844136e-17
24 0.190359887158073 -5.74872635549806e-18
25 -0.330591310444812 -3.94782951679372e-19
26 0.196978264684008 -8.25611303294688e-18
27 0.942810536335501 1.69058933266227e-17
28 0.610322861626639 4.28064870953559e-18
29 0.768701059567322 3.3367741654987e-18
30 0.638448508987355 1.07700222113365e-17
31 0.84650034281524 -9.74444476077811e-18
