5.96662015448463 1.28944908812515e-18
0 0.283304870678098 -1.03904083654635e-19
1 -0.0552812296386061 -1.01924804997438e-19
2 -0.0477804893764113 -2.83996985864349e-19
3 0.110717767481273 -3.15826361343498e-20
4 0.149303503393782 3.19310213614092e-19
5 -0.0284574878296679 -6.14729621973023e-20
6 -0.16598586585307 1.56776034126151e-19
7 -0.196288031894577 3.04240339935516e-19
8 -0.241161651964274 2.82143758828951e-19
9 -0.357605929307535 -3.98701279752766e-19
10 -0.412402042100329 -1.22189614663806e-20
11 -0.315074070588434 -2.2666227159124e-19
12 -0.0333010840533389 2.15854015509257e-19
13 0.306000384173959 -2.60626478792786e-19
14 0.325322236733206 -1.3190899928939e-19
15 0.120338837399829 2.99101724885125e-19
16 0.132725747340203 1.20237155500609e-19
17 0.0557809802610358 6.78211364270922e-20
18 -0.202891631043741 2.05330046063674e-19
19 -0.331508576703176 -1.22793053278805e-19
20 -0.342726607866038 3.21147348953089e-19
21 -0.211341510834394 -2.27922787809238e-19
22 0.0392807348960809 3.07458679215511e-20
23 0.21967176272431 -3.25905127188682e-19
24 0.288872196891657 1.42250596175774e-19
25 0.420739993392038 4.03965946424958e-19
26 0.771137700050997 3.19980700964091e-19
27 1.14799479074286 5.27882736502361e-19
28 1.23460815638399 2.21555839933648e-19
29 1.24750921305009 -1.62236483104542e-19
30 1.20344967899986 -1.19132192347811e-19
31 0.851667808944956 -7.79052661710761e-20
