5.55595916502285 -8.75572668179858e-19
0 0.270778306812115 6.58735047728153e-19
1 -0.105192011169404 3.143351974771e-19
2 -0.0777017693891624 1.5701204567335e-19
3 0.121721336866807 -5.32999895957553e-19
4 0.153960036992939 3.19933096362241e-19
5 -0.0584546523712473 2.30298994977634e-19
6 -0.186113027811922 1.50017521638162e-19
7 -0.177639068272345 1.90118029066898e-19
8 -0.227383723256078 3.55610398743035e-19
9 -0.373548652153551 -2.516258566064e-19
10 -0.427551187167639 3.28056050607479e-20
11 -0.316853420478344 -7.39574366542824e-20
12 -0.0142373678359828 3.19363852602092e-19
13 0.350210665740949 2.44811023181011e-19
14 0.367801911162609 -1.71119099517328e-19
15 0.122200844580602 3.94697129298573e-19
16 0.0949454913120316 -9.09609958502554e-19
17 0.00645130751881831 8.04236166576722e-20
18 -0.248343981331265 -3.61580418107425e-20
19 -0.345118975669453 -6.12179088093627e-19
20 -0.346277722521391 -3.60864337617626e-19
21 -0.215285465271679 2.61900404757784e-19
22 0.064136268790186 1.72824819335725e-19
23 0.249785276814917 -1.87296618298102e-19
24 0.282799423982443 1.46477348430167e-19
25 0.37304004913806 1.00181537887441e-19
26 0.65669924902224 -3.0221278618912e-19
27 0.987928748344542 -1.26868543587038e-18
28 1.19646814733934 -3.98355308280167e-19
29 1.25443620193127 3.30099696050275e-19
30 1.24210335064165 -1.51744697051759e-19
31 0.880193572730799 -7.84094726582754e-20
