5.3287482694524 3.90772632741559e-18
0 0.0997526457192358 -1.51890595099119e-18
1 -0.228243259883923 1.14967661319497e-18
2 -0.15976948612554 8.62815305371428e-19
3 0.208277386676902 -2.59312323586788e-19
4 0.119880393740524 -5.4703185521833e-19
5 -0.389970784522658 -2.05179856897274e-19
6 -0.282876700864154 -1.47416030720166e-19
7 0.0905077978485456 6.89990486035703e-19
8 0.140560657332708 -2.18417959135653e-20
9 0.112989287776214 8.54694362588241e-19
10 -0.144553990320633 -1.17610990648133e-18
11 -0.329259557241433 -5.4717936243533e-19
12 -0.0569595174781451 -3.147321259883e-19
13 0.45955434826208 2.10103915995666e-19
14 0.297309862415118 -8.40973509457863e-19
15 0.0498012777942003 -2.18922165622852e-18
16 -0.0643886332266872 1.49609865329362e-18
17 -0.386900716129729 1.32694274073709e-18
18 -0.492454394877553 4.38766921839302e-19
19 -0.240977668478166 1.08736956473427e-18
20 -0.233732952502435 -3.18014832053894e-19
21 -0.31211112462153 1.03746385029915e-18
22 0.144650652007757 1.2580810079428e-18
23 0.559546660958467 -1.05390956401992e-18
24 0.311110338865935 8.01774137027525e-19
25 0.206579902008351 4.64556547269661e-19
26 0.536655277265589 -1.15087812652617e-19
27 1.00675304564246 2.53176023359598e-21
28 1.18779334247325 3.32969381908271e-19
29 1.18912616404937 -2.24629353946043e-19
30 1.21485881926733 -2.08226551415669e-19
31 0.715239195620944 1.58166356695109e-18
