5.66948085931621 -3.04836269092195e-18
0 0.22832958567662 -5.12922822749185e-19
1 -0.178238058650531 -2.47147001108407e-19
2 -0.122290475887903 -1.15474013366216e-19
3 0.146994662052764 -4.31273555215714e-19
4 0.162323991227861 -4.44720849507293e-19
5 -0.109270832922631 1.62960609442541e-19
6 -0.241809790211573 -7.9235513073474e-20
7 -0.129573686845889 -1.68045585504933e-19
8 -0.126491749466044 3.03811228031517e-20
9 -0.166137225244136 4.53978938836078e-19
10 -0.286080720577672 -1.11040214618143e-18
11 -0.289804024013523 1.32863773275789e-19
12 0.0158158334932871 3.19672276783092e-19
13 0.40941743275564 -3.56570536628233e-19
14 0.372303636432846 7.68185402741979e-19
15 0.0754649106506577 -4.54912257227277e-19
16 0.0313100894628371 -1.08166237641108e-18
17 -0.0718307450709817 7.2320374740525e-19
18 -0.330266525667153 -6.52872306339762e-19
19 -0.325795701831506 3.0174076309472e-19
20 -0.329730875650019 3.42321339466056e-19
21 -0.239478692972684 -2.8293493390195e-19
22 0.109228317265877 -4.24364853561325e-19
23 0.32094279320925 4.65114392744861e-19
24 0.281453382255885 -5.60913625312708e-19
25 0.313227660831265 3.16684585151497e-20
26 0.597391165652201 5.67833054764697e-19
27 0.947799400351558 -1.10254939833825e-19
28 1.17059561636465 -1.04854298327053e-18
29 1.2573245425867 -2.28469905486837e-19
30 1.2859322881846 5.06899164396794e-19
31 0.890424655873962 4.55534469488076e-19
