4.42250264598282 1.9779741570087e-17
0 0.312439457430986 6.81730081883716e-18
1 -0.490484850018643 -5.38140656567465e-18
2 0.381793001936221 8.17338025785581e-18
3 -0.00839662667238034 -1.93821264798412e-18
4 -0.083761788754699 -4.55854157856555e-18
5 -0.320640158164804 -1.24638985411834e-17
6 -0.380592376999738 -4.99829545778405e-19
7 -0.0382438468602197 1.40916916378144e-17
8 -0.149288752049727 -2.39096003565572e-17
9 -0.0996811170945901 -3.1448753220302e-18
10 0.473656827590077 -3.60024887455428e-18
11 -0.442188760872606 6.73431057660369e-18
12 -0.390187180764047 9.92655985283542e-18
13 0.273171046141269 1.2321690856198e-17
14 0.296539576593422 1.46787167224855e-17
15 0.401508278167078 1.0436173150025e-17
16 0.0883289032460526 9.35807240241712e-19
17 -0.402688350143698 -3.88603740261782e-19
18 0.141919891473417 -3.44388049673693e-18
19 -0.760235716664016 -1.90319711661777e-18
20 -0.0456045102098415 1.51826657425423e-17
21 0.13998554201301 1.65122260658938e-18
22 0.249212529674863 1.48781679354643e-18
23 0.565368353677136 1.19444156702018e-17
24 0.417013949640491 -7.8630465288835e-18
25 -0.358773296953309 -1.07604101046869e-17
26 0.259466844640634 -1.01270409343839e-19
27 1.07009011808811 -4.36938905128265e-18
28 0.747003588910992 6.40320783147782e-18
29 0.853797060118726 -1.70320522263985e-17
30 0.885650480584299 2.18400794659493e-18
31 0.836324528278357 -1.83076302722269e-18
