3.23225882212787 -1.18267424583276e-17
0 -0.24130925869605 -3.85016364744348e-18
1 -0.537787101829564 -9.19736999436938e-19
2 0.472243437253545 1.3185750586091e-18
3 0.413617454007176 8.47238543256253e-19
4 -0.0264309724686549 7.73259651006771e-19
5 -0.851349377205732 3.9627626110529e-18
6 -0.0582393671553947 -4.81549378668035e-19
7 0.241564334838348 -4.2765292352572e-19
8 0.194748465552766 6.6072076306391e-18
9 -0.0890169866086242 1.01030106677599e-18
10 0.172013970729335 -2.59719979895587e-19
11 -0.663208076385472 3.40414473442659e-18
12 -0.548934992249448 -1.68769711842932e-18
13 0.119061998885804 -9.23448817406532e-20
14 -0.230887722184432 -1.46258501359127e-18
15 0.243295054819313 -2.31535910040912e-18
16 0.314512637059615 -1.62195717473662e-18
17 0.0598999128779012 -1.1295941760878e-18
18 -0.519339891092615 -1.386374739441e-18
19 -0.60643922871734 -5.12520530339185e-19
20 -0.0746654083373834 -6.75894159989326e-19
21 0.0158825560236932 -1.27514893392437e-18
22 0.188223286128136 -4.32235838660433e-18
23 0.596111238810926 -6.06309373636796e-18
24 0.361500471442287 -5.6017126171879e-18
25 -0.475998816840707 -6.29507163166999e-19
26 0.189789615838297 3.47786615953367e-18
27 1.06401487902585 4.00764771621123e-18
28 1.00777633165915 -2.05063996683194e-18
29 0.916009164895996 -4.08415836869431e-18
30 1.13910734423987 3.94152157180493e-18
31 0.446493867811268 -3.27498205132279e-19
