5.68195969503589 2.71909439918568e-19
0 0.277256924147072 -3.72200937731408e-19
1 -0.0829114739924634 -5.99040217983048e-20
2 -0.0644257174037162 8.10377830702712e-20
3 0.116288034688193 -1.58589031920548e-19
4 0.151979305543862 2.24066144572044e-19
5 -0.0437406141966906 5.034019023792e-20
6 -0.17558181620216 3.75472915999403e-21
7 -0.187093792632706 3.17542808959495e-21
8 -0.236119361367971 -9.16945090111542e-20
9 -0.365523217623041 -2.17570463125254e-19
10 -0.420249337973912 4.82954720153632e-19
11 -0.317839804935383 -3.25400920701483e-20
12 -0.023610863489408 -4.7801993325764e-19
13 0.331362232866336 3.35372408570667e-19
14 0.349265060405455 1.5706568466135e-19
15 0.120985958086454 -2.79577133253156e-19
16 0.112323568750955 -1.05887653430872e-18
17 0.0282377525756052 1.72556624395726e-19
18 -0.228289442229418 -3.98781738234766e-19
19 -0.340647986188924 6.7928414403092e-20
20 -0.345729220311389 -3.80214602538596e-19
21 -0.212857175721781 3.56377436271433e-20
22 0.0528644465097382 1.13757565750219e-19
23 0.235441802344045 -1.08203248542828e-20
24 0.284966378705506 7.24662727878848e-20
25 0.392447348727225 1.48730185926164e-19
26 0.690664726452108 -1.7619602973152e-19
27 1.02835429769082 9.95689806444817e-19
28 1.20888852283729 2.17023345447655e-19
29 1.25129769792134 1.32981779049389e-19
30 1.22534503479433 4.91676419602418e-19
31 0.868610426258519 2.00679545804081e-19
