5.64461385849587 4.05148686110356e-19
0 0.275798634963915 4.48293206108087e-19
1 -0.0884796101922586 -2.29381768282835e-19
2 -0.0677546233901879 1.36302032406583e-19
3 0.117562196457836 -1.80205544084514e-19
4 0.152477090858997 -3.95657267183771e-19
5 -0.0472261759904992 -5.04823335561198e-20
6 -0.177941754267033 2.16379677591656e-19
7 -0.184907659219518 -5.07424826479193e-21
8 -0.234502062252844 4.14629377239341e-21
9 -0.367438477821805 -1.27119037660998e-19
10 -0.422025476228273 -1.60836505517744e-19
11 -0.317932684821668 3.80756356317395e-20
12 -0.0213974976697444 6.70712633748534e-19
13 0.336225151174662 -4.23984016746526e-19
14 0.354035194690353 2.36944865590823e-19
15 0.121317574875624 2.02819741425278e-19
16 0.108055510776459 -1.25021753230201e-19
17 0.022728897803869 6.21455951068212e-19
18 -0.23332290988598 -2.87065135977944e-19
19 -0.342040537743588 4.05795035915755e-19
20 -0.346038643249817 -6.88510049966905e-20
21 -0.213343131346078 -1.42545610609773e-20
22 0.0556464507912478 2.55359130171194e-19
23 0.238868205219771 -1.24560457933402e-19
24 0.284349914855084 3.05688592611514e-20
25 0.387404337295443 1.4487354268897e-19
26 0.680529469105171 -2.8277669888735e-19
27 1.0151819268485 -7.81434232777958e-19
28 1.20534167633946 1.07524715344629e-19
29 1.25211945443944 8.39155147764666e-20
30 1.22962006479091 1.8239937869371e-19
31 0.871703351288426 -1.23712961923003e-19
