5.57019190566035 1.39323583649353e-18
0 0.1838518512255 3.99208168189365e-19
1 -0.20867605742157 3.03167560175518e-19
2 -0.145432041046717 -3.27755672274679e-19
3 0.164725765382611 -2.75940409866761e-19
4 0.164216302817498 3.46422040098649e-19
5 -0.128419639563364 2.61758261439584e-20
6 -0.179109842904851 5.2225064276237e-19
7 -0.00776804047925631 2.23588757578845e-19
8 -0.0517549725725092 5.99930625183846e-19
9 -0.1052195585127 7.22613718537251e-19
10 -0.240653202450978 2.71520557255568e-20
11 -0.286671117790373 1.10710871231824e-19
12 0.00683918767988804 2.99970676490723e-19
13 0.459349884937415 8.19389180686697e-19
14 0.36129532150664 -4.22997059367328e-20
15 0.042001712721116 3.58911878454429e-19
16 -0.0642567970013166 2.46546244442808e-19
17 -0.305264562162734 -3.4614311736105e-19
18 -0.415311030308139 2.67722916905174e-19
19 -0.278515846458155 -1.70711443208529e-19
20 -0.305036870210934 1.97856123573235e-19
21 -0.266432470643764 -6.43195832904577e-19
22 0.141621177471685 -8.91265424606583e-19
23 0.391631991493394 -3.05415033772714e-19
24 0.284862648601286 1.49824421281362e-19
25 0.273494965816138 -5.04764332674398e-19
26 0.579015888571549 1.78757291408516e-19
27 0.954187799669823 -2.16304583008456e-19
28 1.16897118153257 -7.12068293496468e-19
29 1.24660685134371 2.10490116709265e-19
30 1.2848496725724 -7.47319836410012e-19
31 0.851191751844494 5.65730406435101e-19
