3.07736306202478 1.29378740947458e-17
0 -0.268901581982921 2.81325764261953e-18
1 -0.585969127237913 2.07100132667671e-19
2 0.259210368251358 1.58428114956548e-19
3 0.464300635343729 -2.40860511714817e-18
4 0.0367937916230637 -2.2008291332317e-18
5 -0.843822487051963 1.59462274645187e-18
6 -0.144225172235535 -8.33678607089875e-19
7 0.253990831044679 -1.35462045854505e-18
8 0.233173516942663 -2.22185561652767e-18
9 0.0106185803935309 -1.96404518460488e-18
10 -0.0327683370316063 -2.0121057178528e-18
11 -0.654169774627203 8.5539166943224e-19
12 -0.461512143191583 5.19998878046133e-18
13 0.168863251206264 3.42611526391135e-18
14 -0.153587504121423 6.61046888110949e-19
15 0.227923493084696 -2.41598584189696e-18
16 0.320777747461315 -3.90843704400659e-18
17 0.0695853137417451 1.39058003610019e-18
18 -0.594997403323865 -4.91118574127219e-19
19 -0.523585238532823 -8.2423814520189e-19
20 -0.0680102807420597 3.12771084587023e-18
21 -0.0539672821448408 1.28456794021716e-18
22 0.189338893705526 3.776184755194e-20
23 0.554721210072302 1.55922101437192e-18
24 0.329418643718826 1.31402647242671e-18
25 -0.375514609606723 2.91255413720497e-18
26 0.193173747359243 -9.07421487792158e-19
27 0.975029109537499 1.12899341942221e-18
28 1.01613802775194 2.1997134422813e-18
29 0.97125502824791 -1.004722612024e-18
30 1.14119708324555 6.26378937386844e-18
31 0.422884731123401 -6.49332133131768e-19
