5.43193351287979 2.79107792108156e-18
0 0.120018755473204 4.87063466634426e-19
1 -0.224428880433172 4.09801868319349e-19
2 -0.160055647550363 -5.25812271565564e-19
3 0.194108747468826 -8.66355478579423e-19
4 0.131076471511465 6.96491531381293e-19
5 -0.30449670806381 -2.02154617974079e-19
6 -0.250801539503309 -1.0074474726144e-18
7 0.0753645329512477 6.17792408187818e-19
8 0.0941658811171968 -6.69103464108536e-19
9 0.0481191644123461 -7.39767466899624e-19
10 -0.165072745769597 1.01417380170959e-18
11 -0.310625142297172 -5.67629226610298e-19
12 -0.0301107886638914 1.72638155657486e-18
13 0.481645871521992 -9.08816101480155e-19
14 0.326564315846133 -5.21478241335171e-19
15 0.043140810546932 9.69996731192858e-19
16 -0.0685539549091792 -6.31416711139796e-19
17 -0.392151268882523 1.28649894378515e-18
18 -0.484965737410045 -3.32518814409071e-19
19 -0.242819217045749 -6.06506765112636e-19
20 -0.256128132963142 -8.59296587758634e-20
21 -0.299006562949159 -2.22682258681646e-19
22 0.152504615609216 1.5125229114192e-18
23 0.514734147934987 8.2398067805949e-19
24 0.295411550369896 7.63583177571586e-19
25 0.218347830725024 9.7502806826725e-19
26 0.552557191786735 -5.15384852298381e-19
27 0.99226539750473 1.14808889915017e-19
28 1.18400738164651 -6.46607272541372e-19
29 1.20833389837375 -1.26624486191639e-18
30 1.23742625280274 1.03070533781116e-18
31 0.751357021717974 6.78104086294922e-19
