5.59972676002934 4.57217526834043e-18
0 0.202602906248768 1.96833630364487e-19
1 -0.19882444438661 2.0116229669608e-19
2 -0.137111743987188 9.31548304594519e-19
3 0.15768634680514 2.22151232700447e-19
4 0.164254885529048 1.09051280943107e-18
5 -0.118999989269636 -3.03741497347117e-19
6 -0.207283195627353 6.77878802545322e-19
7 -0.0596438398825646 5.33608698471352e-19
8 -0.0808737367377764 1.94321984751391e-19
9 -0.12246651618671 -7.25306395734847e-19
10 -0.25687950610812 -3.18358121577094e-19
11 -0.286807912044546 1.04905523560593e-18
12 0.0132847069715999 6.28219827455001e-20
13 0.438485946235693 4.29562471498517e-19
14 0.362377085225693 3.03060282199518e-21
15 0.0487781333473375 1.49447875585602e-18
16 -0.0359216526879448 1.21170473891807e-20
17 -0.209588977503452 3.43203700818654e-19
18 -0.382418510755375 -8.19657375626697e-20
19 -0.298722064607682 -1.80463011226913e-19
20 -0.315689291159635 -2.73129726895566e-19
21 -0.255670191960272 -5.05547461899196e-19
22 0.129247491417599 -8.71778380266214e-19
23 0.36099719859685 5.03713008509599e-19
24 0.283306266005037 3.32390080837872e-19
25 0.290055081187906 4.13489548744343e-19
26 0.585430169985648 4.89938516391221e-19
27 0.949026375957977 -4.28875892452118e-19
28 1.16773125168813 -3.31864418755472e-19
29 1.25247175543568 -7.3592691535883e-20
30 1.28910751943062 -7.91947474425941e-19
31 0.871785212865478 2.7692736724596e-19
