4.70186652309641 1.98550077980484e-18
0 -0.0258299926618595 -2.43971573018812e-19
1 -0.33222169238396 -2.36612303865224e-19
2 -0.145482263609556 3.02910093033118e-19
3 0.290201115566855 -7.62531853406788e-19
4 0.107586076653431 -8.4307615778746e-19
5 -0.586433288127571 4.81806845810434e-19
6 -0.335620218914756 3.99320810064165e-19
7 0.143897278322966 -1.42001711271454e-18
8 0.243510977839063 4.66873751551258e-20
9 0.232366682262953 -5.2870877691756e-19
10 -0.100589964252566 -2.49228193842804e-19
11 -0.4409119474191 9.57134101870478e-19
12 -0.226573219346092 -1.31552836409071e-18
13 0.336995599520372 1.49431783889202e-18
14 0.167146665491397 9.07872055291357e-19
15 0.0734165317514342 -1.35850392127624e-18
16 0.0592785421663847 1.26742491965239e-18
17 -0.271465080953641 -2.02836905901438e-18
18 -0.507194016397321 6.76881117368524e-19
19 -0.263947527781291 -1.10191645827985e-18
20 -0.130095214807061 -9.64450459833667e-19
21 -0.310284863101601 1.33844293976427e-18
22 0.139407986231931 -1.14924750129097e-18
23 0.692316450796535 1.31642949908911e-18
24 0.407698198428676 3.68038552262615e-19
25 0.117684516417533 2.58978689081428e-18
26 0.402608050064012 9.82870088312838e-19
27 0.993765490870496 1.05342681312793e-18
28 1.16723460552173 -2.0738978320287e-19
29 1.08769708529796 1.60595130071745e-19
30 1.12835226245194 -3.72254576719408e-19
31 0.587351697197109 4.23361804485727e-19
