5.65317884551027 -2.5180863145801e-18
0 0.218831208311473 -3.70516673508211e-19
1 -0.187017404739482 -4.48851051583286e-19
2 -0.128316905164449 -1.33432346548588e-19
3 0.151164471363394 1.42727983168973e-19
4 0.163315194524655 -3.9028800448498e-19
5 -0.112981173101067 -3.65281508279419e-20
6 -0.236492635134787 -7.9881058294053e-19
7 -0.108892166989064 -5.24374746687166e-20
8 -0.108577200390724 1.69133115986631e-19
9 -0.144581817572336 -2.53851874608396e-19
10 -0.272519964877351 7.74546986718769e-20
11 -0.288208973289016 1.49625957025762e-19
12 0.0162059874147418 -1.12380116538381e-18
13 0.420198512124949 2.62970502568382e-19
14 0.366826412266195 -7.00010248994087e-19
15 0.0626633013672259 3.71932742791409e-19
16 0.00944988209623814 -1.00122535000641e-19
17 -0.108582356167731 -3.73262989693807e-19
18 -0.349641372426575 9.29263283705723e-19
19 -0.316429467775541 4.05575116064955e-19
20 -0.324625031370542 6.42595076238978e-19
21 -0.245546681171778 1.45479663253369e-19
22 0.116970843230975 -9.73493993210453e-20
23 0.335589255555679 -9.82666260158438e-20
24 0.28206182784824 -1.16932993839814e-20
25 0.304421485646071 2.19147449372452e-19
26 0.592280768978919 -7.16037578608462e-19
27 0.947336090207277 -9.01134998398567e-22
28 1.16882803727489 -4.16109813308139e-19
29 1.25596110501349 -1.69177368151731e-19
30 1.28846447672352 6.68127234526938e-20
31 0.885023135732778 1.90643691149297e-19
