6.4430823485565 -4.93071703777766e-19
0 0.338166703472285 -3.12291552034304e-19
1 0.119126591064974 -2.04036005478176e-20
2 0.0529090124946652 -9.89384543405427e-20
3 0.0947235128254433 4.68670657649255e-20
4 0.115803028772988 -4.21173333775331e-20
5 0.00321906245840524 8.21105628302695e-20
6 -0.143272807449669 3.71879103803409e-20
7 -0.218551782300102 -2.12777819547462e-19
8 -0.256204222968528 9.92817438637422e-20
9 -0.345916765987287 1.28309823194596e-19
10 -0.368263851731969 -7.6113723971879e-20
11 -0.246924291631728 1.38018480022581e-19
12 -0.0565129555676072 -2.03989071363676e-20
13 0.140565041353722 -1.81943447295711e-19
14 0.196160403870651 -4.7148670451925e-21
15 0.164419687977182 2.29397859979235e-19
16 0.209904484592031 -2.88508024755141e-19
17 0.164737270305997 -1.62585136526542e-19
18 -0.0508830532458699 2.54023519369996e-19
19 -0.237528583594455 6.02848586131042e-20
20 -0.292593413592557 -7.50302164142807e-20
21 -0.205148249410635 -3.55036461571436e-20
22 -0.026440613936748 3.87683831617584e-19
23 0.15810096293053 1.61319256409744e-20
24 0.332377255382363 -1.5096424977636e-19
25 0.565362899517576 -2.44043985652612e-19
26 0.890023011658199 -2.40940970196817e-19
27 1.17217844474508 3.36718747169465e-19
28 1.22860394240179 8.52323519318645e-20
29 1.18079957131134 -4.0250696595136e-20
30 1.04519580306229 -2.30296313028234e-19
31 0.71894624977615 4.35025602426308e-20
