5.20137698364975 -3.68350462977835e-18
0 0.07506369115542 -2.56458729425192e-19
1 -0.237840742947352 4.50245665271284e-19
2 -0.157339876896766 3.48245765690646e-19
3 0.227614255071732 -1.15634930330216e-19
4 0.113211956942092 7.95573470014735e-19
5 -0.461867268945735 -1.15115704926377e-18
6 -0.308801146829746 -3.30223065722675e-19
7 0.106382993893798 -2.92965424657934e-19
8 0.181008990223146 1.47786139737365e-19
9 0.166726004063458 -7.74782998265968e-19
10 -0.126612790055011 1.28366680521876e-18
11 -0.356140117322677 -7.71865037318773e-19
12 -0.0975788859473017 1.03546847994555e-18
13 0.426704129863848 -2.42748604092414e-19
14 0.260443208490051 -1.67632565297334e-19
15 0.0577927795106571 -1.33402308715308e-18
16 -0.0483142858550022 -5.44242627842335e-19
17 -0.373304038931766 -4.61145107632867e-19
18 -0.498774954065098 -1.17040271815814e-20
19 -0.242083179281533 -1.06173012847031e-18
20 -0.204778833703819 -7.71081908093974e-19
21 -0.325533896098222 -8.75195183801809e-19
22 0.135440545353853 -1.20796878340388e-18
23 0.608910041548626 2.12710770812462e-19
24 0.343336656436798 2.68860063450773e-19
25 0.195227436665102 -1.45728548157688e-18
26 0.510102767924829 1.16212085841095e-18
27 1.0177058681047 -1.59071782812547e-19
28 1.18856062999379 5.42418902250338e-19
29 1.16330417902225 1.49011254223283e-18
30 1.18786006096964 2.95979935783529e-20
31 0.674950805295994 5.36604435951147e-19
