5.58222264999287 3.95708559466046e-18
0 0.27256777496853 4.20926594430531e-19
1 -0.0996250716236035 -2.48128594588806e-19
2 -0.074394654448268 1.97375384143286e-19
3 0.120278497693391 2.06177542074072e-19
4 0.153463437754247 -2.12777819547462e-19
5 -0.0545920633933639 -7.57275232582796e-20
6 -0.18319439475689 -1.77319766530118e-19
7 -0.180177229980779 3.08810381713109e-19
8 -0.230221798398928 -4.45208964298092e-19
9 -0.371520166045475 4.26751788527322e-19
10 -0.425735390742002 1.59930006620546e-19
11 -0.317477796192925 3.21404816095489e-20
12 -0.0167057490803675 1.50339355566161e-19
13 0.345658554392718 2.96634331437128e-19
14 0.363348391171409 2.89977733026339e-19
15 0.121969880317739 -3.32414218382472e-19
16 0.0993617621188567 -3.61204945191426e-19
17 0.0118237008952702 2.39487353622019e-19
18 -0.243347425459817 2.23631668769244e-19
19 -0.344290099639523 6.90333775558903e-21
20 -0.346318956171745 5.44435728199135e-20
21 -0.214550009844755 6.07246983147035e-19
22 0.0612807505701939 4.53270904194479e-19
23 0.246033294035823 6.56219379190957e-20
24 0.28326713502559 6.96706757820642e-19
25 0.377717387374951 2.40195388263618e-20
26 0.66377757581226 1.22178886866206e-19
27 0.995421250331212 2.50209787323202e-19
28 1.19919023858739 2.11994690322663e-19
29 1.25369890808783 2.31178674380833e-19
30 1.23800675845313 2.30443820245234e-19
31 0.877508158180772 -9.65340867034465e-20
