6.45308312011996 -8.10116340636212e-19
0 0.347143836683755 8.92445482342581e-20
1 0.133306628081819 -2.67980384047574e-20
2 0.0606744775926322 -1.72173105631526e-19
3 0.0942988028353955 6.48495364918969e-20
4 0.112075409092788 6.22212260799011e-21
5 0.00268850216414505 -1.33909733541787e-19
6 -0.142613671287122 1.67176633899334e-19
7 -0.219390147983314 3.30416166079475e-21
8 -0.257781516998546 -1.66398868573335e-19
9 -0.3458270380501 -3.05152202731515e-20
10 -0.363808016928741 -7.18333327294858e-20
11 -0.240126440447981 -2.65545173992378e-19
12 -0.0572457783884404 1.36783442323883e-19
13 0.128586588038461 9.69417430122459e-20
14 0.187808300482221 -3.32550997801871e-19
15 0.169029196612015 -1.54791391570154e-19
16 0.213655690630485 1.66795797084535e-19
17 0.168557186456144 2.46396055276408e-19
18 -0.0415781955774482 -1.59463347424946e-19
19 -0.229642563943903 -5.17187122295178e-20
20 -0.287150447091121 -1.76493726114919e-19
21 -0.203017758477271 2.90776953947538e-20
22 -0.0288789159339456 -1.1325335926302e-19
23 0.155718658232178 -7.74815181658768e-20
24 0.335561520957386 2.39532946761819e-19
25 0.572135022076824 -1.18147916918012e-19
26 0.891468529612143 -9.20538902307537e-20
27 1.1656010804778 -5.95339127811054e-20
28 1.22082376306661 -4.01554873914362e-20
29 1.17086388715049 -1.12003570842622e-19
30 1.03054556605792 -4.25223077369324e-20
31 0.709600964926673 3.40902588233458e-19
