6.28230536372491 3.29169059608477e-19
0 0.29063034711264 -1.6377324011074e-19
1 -0.0123575219368146 -2.12933372612662e-20
2 -0.0216886672452907 -1.05379155824632e-19
3 0.104196282127905 1.86129970309104e-19
4 0.143824122753785 2.78869098611557e-19
5 -0.0113167614128573 -2.46320960693208e-19
6 -0.156089435831015 -1.14787434319818e-19
7 -0.205986179832072 -1.91807657188895e-19
8 -0.244787341530052 -4.30477016243916e-19
9 -0.349779279699882 1.1343036792342e-19
10 -0.401991318624627 -1.41564017129375e-19
11 -0.304845336453609 3.9658522167617e-19
12 -0.0443052757213738 6.57801729336954e-20
13 0.263958034255256 -8.85043301998593e-20
14 0.28914298367101 3.26550136019381e-19
15 0.124930728060086 -3.51871761279441e-21
16 0.160813557771334 2.94864244833131e-19
17 0.096056203585717 -8.02761094406724e-20
18 -0.161980022294663 -2.01972245414879e-19
19 -0.311757913354944 4.29433737927317e-20
20 -0.334171032009166 4.39196033743302e-20
21 -0.210796276200356 -3.29128830367477e-20
22 0.0188415543600521 1.41526469837775e-20
23 0.19852044894265 9.39862347734506e-20
24 0.298333109332945 2.72046219337968e-19
25 0.470896058708451 -1.65025710480538e-19
26 0.853605417341573 2.68232487291174e-19
27 1.23145415178669 1.08667225789027e-19
28 1.27490879868052 -2.58432644183589e-20
29 1.24425647191983 1.21948239217806e-20
30 1.16846922754676 -3.06664822193112e-19
31 0.821320227914443 1.30938133606592e-19
