3.30250288541988 9.08451356361755e-19
0 -0.241413116421356 1.133370360843e-18
1 -0.579594929816389 -1.94494970487691e-18
2 0.0712562175770792 1.79282953490915e-18
3 0.443176285373504 6.78254275461322e-19
4 0.0738674111769997 3.82941608688511e-18
5 -0.792841049459263 -2.08024868820789e-18
6 -0.241235256653976 -3.69126350939253e-18
7 0.215098286098348 -4.08012471679671e-18
8 0.259376624298155 3.17740200435335e-18
9 0.121940502336415 1.67859994606453e-18
10 -0.109279502718253 1.7008708538821e-18
11 -0.619685514466794 9.31516121201719e-19
12 -0.402849986570836 -1.16503881935815e-18
13 0.202232324642792 2.29454717306515e-18
14 -0.0458101257617819 2.57231130852391e-19
15 0.204204777680789 -2.07235302917431e-18
16 0.274582536379026 3.84179596531549e-18
17 -0.00345268956230914 -3.82639084796192e-19
18 -0.570727110569144 -1.53356012251276e-18
19 -0.432478073239555 8.12673579389108e-19
20 -0.0641156726454879 -1.87039151155703e-19
21 -0.129009742759302 -3.83235550342751e-18
22 0.178678649191087 2.02884108210877e-19
23 0.613204425672172 7.69612199822777e-19
24 0.350544374950406 -1.1298516432302e-18
25 -0.237808012093545 1.21803413950206e-18
26 0.22642800958545 -2.11539295314544e-18
27 0.92313662544844 -1.51356350778639e-18
28 1.03207938541097 3.59445586385029e-19
29 0.998395457473558 1.08711209759187e-18
30 1.12734820483115 1.60835432737984e-18
31 0.457253570031538 -7.37117700892428e-19
