5.56591223323792 -5.06529859964415e-18
0 0.177015354922385 3.54583212122836e-19
1 -0.211469374813248 2.67186527025175e-19
2 -0.148031203316525 -3.23794433010885e-19
3 0.16726427250128 2.88577755439541e-21
4 0.163664467010694 -2.89049778533941e-19
5 -0.132867997671483 -5.26069738707964e-19
6 -0.175291299493033 -4.49108518725686e-19
7 0.00681720270773037 -2.28638868299037e-19
8 -0.0408095659665812 2.31130399291633e-19
9 -0.0987933033690703 -5.63268376885905e-19
10 -0.234079162158725 5.07108356449994e-19
11 -0.287108049418377 7.77186024928365e-19
12 0.00431800664768826 -7.95015624539536e-19
13 0.466728047087258 -6.57141969784555e-19
14 0.36095572559345 -1.03394513268636e-18
15 0.0408202509802112 -1.30036998608193e-19
16 -0.0686257797389792 -5.83602917236672e-19
17 -0.329118423790701 5.12048507244786e-19
18 -0.426207582308193 -1.46756271167767e-19
19 -0.271916301840332 -1.10832095344704e-18
20 -0.300967759468087 -4.00447228812163e-19
21 -0.270033920268316 3.73482909544606e-19
22 0.145456355130386 -3.48610510809046e-19
23 0.403281368217153 5.63606302510304e-19
24 0.285432597095917 -6.12122767156227e-19
25 0.267343933197291 -2.25219382814042e-19
26 0.576821278375559 -6.8539898866291e-20
27 0.956839629253147 -3.45354624237451e-19
28 1.16997737480399 -1.70164325530929e-19
29 1.24394722994564 3.81759405392993e-19
30 1.28208666542166 -3.80407702895395e-19
31 0.842462197968125 3.49340001045845e-19
