6.37756610254399 6.63342636797346e-19
0 0.30317590953143 -1.05770720437032e-19
1 0.0442615084357804 7.56846120678797e-21
2 0.0117861122637803 1.36814284741983e-19
3 0.0986149334670956 4.41792160762498e-19
4 0.133441155343268 1.15329188098617e-19
5 0.000474933974698605 -3.73303218934807e-19
6 -0.1485036016099 1.03952358743835e-19
7 -0.213149846300776 -5.9136984269906e-20
8 -0.248705272520542 -9.78509238588444e-20
9 -0.345845373415431 1.10785965815024e-19
10 -0.388611834766921 -2.21078452940449e-19
11 -0.282691795655816 7.28149262098842e-20
12 -0.0522802225924549 -4.38879563714102e-19
13 0.207958674698724 1.1324531341482e-19
14 0.245337372010929 1.0682740850063e-19
15 0.140055323376062 -1.30908632163192e-19
16 0.187460880349038 2.44507962898811e-19
17 0.135580622891985 3.11395780934705e-19
18 -0.108890216551321 -3.49227359171045e-19
19 -0.280111252136154 -4.41180676299299e-20
20 -0.318154181387105 -3.04293978923516e-20
21 -0.210494181611194 1.26781112036598e-19
22 -0.00517713576256233 1.12073301527022e-19
23 0.176632881985836 7.41559009098821e-21
24 0.31345651861964 1.15527652354216e-19
25 0.518984124282143 9.64268087274467e-20
26 0.872925381840067 1.61346075903743e-20
27 1.20395736302691 -1.97171555988887e-19
28 1.26407581835185 5.0955965820159e-19
29 1.22593784575201 -4.80927166407235e-20
30 1.11931382807354 2.61409608017584e-19
31 0.776749828579382 -2.51051919434801e-19
