3.38267012240829 2.88192573866714e-17
0 -0.185520112746201 5.67285937087098e-20
1 -0.51238532937245 7.01460647229605e-18
2 0.552833063683408 3.51356826994642e-18
3 0.348594089378885 3.7143926410181e-19
4 -0.0662981769960101 -5.04927395197917e-18
5 -0.83070474274406 -1.57815557713589e-18
6 -0.0614459305217381 -1.45297290694169e-18
7 0.180062602284858 3.62273433832384e-18
8 0.156736858898242 -3.68349658393014e-19
9 -0.132484594449691 5.12222297565906e-18
10 0.308713447479674 5.95521500370253e-18
11 -0.654644828766801 -1.62856549805821e-18
12 -0.603259268413343 4.28373831524439e-18
13 0.101766272093335 5.29146471059639e-18
14 -0.209442073949756 -3.97975544245127e-18
15 0.258629658620585 4.54283608287918e-18
16 0.267928977060096 -5.98529574817289e-18
17 0.000211644793092311 -2.71318874660689e-18
18 -0.412427008238262 -2.10616704720945e-18
19 -0.644783962323515 -5.67869529276537e-18
20 -0.0681624696800946 6.11591741175028e-18
21 0.043649425303363 -3.07201212073112e-18
22 0.17186472888807 3.98331707125447e-18
23 0.658285381442099 2.30984501244273e-18
24 0.4021071820583 6.94097086956977e-18
25 -0.49012831371254 4.98894081827687e-18
26 0.203506779301887 -3.0176865536848e-18
27 1.09855832928423 6.82802861643715e-19
28 0.981910436946383 -5.03796685330879e-18
29 0.884223331697211 2.73904810272165e-18
30 1.13364557515302 -5.44620246317854e-18
31 0.501129149956024 8.39814907317065e-18
