5.47494412255423 -5.28258276467095e-18
0 0.129281821157737 -1.43945588196571e-19
1 -0.223030578874919 -8.14913007138104e-19
2 -0.159391233190198 -6.31760000662996e-19
3 0.18852228730426 5.63037729237505e-19
4 0.138069877590982 -9.50694070873739e-20
5 -0.259335567191686 -6.63846843284545e-19
6 -0.233322271553052 7.25638957460446e-19
7 0.0676503377177206 -6.72525631542931e-20
8 0.0696892356074092 -5.47696978669529e-19
9 0.0144691491428065 -8.25182191390688e-19
10 -0.176058922207434 3.29450664295476e-19
11 -0.303857126575424 5.06716791837594e-19
12 -0.020656268952028 -8.00658446077127e-19
13 0.48790345514239 1.6335431961446e-18
14 0.337553428722066 -4.82064312952834e-19
15 0.041081420031192 -1.63011030091261e-18
16 -0.0694506299403916 -1.11438215909103e-18
17 -0.392652085891082 -9.98053609597238e-19
18 -0.48017701770902 5.2199317561997e-19
19 -0.244728887668333 -2.73258460466766e-19
20 -0.265227982473415 -2.91881917100336e-19
21 -0.293582056290638 1.17954280171332e-18
22 0.154819747581392 6.63407003582945e-20
23 0.494737373937217 5.7853939676948e-19
24 0.291816112651859 1.58320836980548e-19
25 0.225115878207519 -2.87140230561144e-19
26 0.558053659958457 1.03373057673436e-19
27 0.98532793076439 1.3219864982459e-19
28 1.18165527788015 -4.09748229331349e-19
29 1.21597281426061 -3.81888138964193e-19
30 1.24695506276434 -1.05775011556072e-18
31 0.76773988064936 -2.64676222386779e-19
