6.35778288677666 8.96203563939326e-19
0 0.298914501486392 1.43216097959772e-19
1 0.0289868921449295 -4.61201428570267e-19
2 0.00297563767438159 -1.3838858903978e-21
3 0.099843140879375 3.0169248800552e-20
4 0.136566426573655 -2.12552535797862e-19
5 -0.00166180904152484 5.93622680195056e-20
6 -0.150126876674647 -2.44379229327612e-20
7 -0.211639645662584 -7.23777684576849e-20
8 -0.247520024064613 2.55423496956794e-19
9 -0.346336382925584 1.81782530331711e-19
10 -0.392310650953 2.8308512306835e-19
11 -0.28940399670363 8.41407985260662e-20
12 -0.0507468647750143 2.41984248513415e-19
13 0.222797220573183 2.32203179051631e-19
14 0.25661718494688 1.95567750247689e-19
15 0.135348171150496 2.84458281161148e-19
16 0.181459020401732 2.01682594879679e-19
17 0.126724727368607 -1.3195459242919e-19
18 -0.122686016628489 -1.72594171687326e-19
19 -0.288930954042324 4.04974359399356e-22
20 -0.322838588893531 -2.61731441945584e-19
21 -0.210728030806204 -9.69149235182459e-20
22 0.000771829389209538 2.46503333252408e-19
23 0.18184265465825 1.04732806019233e-19
24 0.309345860642084 2.66086927771177e-19
25 0.507301781051731 -8.58726673511135e-20
26 0.867862621601114 5.38642717495144e-20
27 1.21050587950722 2.27890604416438e-19
28 1.26966494616272 -3.02743812170319e-19
29 1.23285328484255 -3.80434522389395e-20
30 1.13323577593291 -5.96299265696252e-19
31 0.789095170960388 2.61752897540784e-19
