-275.538370807464 -1.66315483882013e-16
0 -0.684122297798423 4.65776359087245e-18
1 19.8007306430196 -1.05879118406726e-20
2 10.6442316824813 -6.11571905133392e-17
3 -19.0850776110837 1.03459427620798e-17
4 -10.7017832125494 1.76662838365672e-18
5 32.4347756412132 -2.15207778491268e-17
6 16.1539036198728 1.07361426064483e-18
7 -7.28465883582362 2.03626720519935e-18
8 -0.351044578509826 -2.34374016505264e-18
9 -9.84287867301028 -6.76336750141246e-17
10 11.0954859033378 1.28859404610112e-16
11 23.9372266066864 6.33654054068312e-17
12 5.67904602843446 7.9970074616173e-17
13 -38.1070777263899 -7.55933142055522e-17
14 -17.3932702858139 3.70153397950142e-19
15 -1.28400770425234 -6.26677326026094e-17
16 -0.0622449620576453 -4.20436097142302e-17
17 22.2189029839354 -1.62139046763418e-17
18 28.3600960831521 -4.00567527642873e-17
19 5.65747850589935 -3.32710306516753e-17
20 9.91556526186171 4.43058229581096e-17
21 21.5774711070542 4.35191411083472e-17
22 -7.41486151678788 4.61079561394721e-17
23 -30.625673975926 -1.58429042454444e-17
24 -9.76450582268527 -1.61680237250322e-17
25 -8.85190569525502 2.42141308631587e-17
26 -26.4573220321247 -6.39543756494887e-17
27 -53.3534650694479 8.96906247188633e-17
28 -64.8047749105185 -2.24000686344557e-17
29 -60.2290847320842 -7.43840335011888e-17
30 -73.9690785627068 -6.6479098520938e-17
31 -42.7464466695867 -2.48575935587562e-17
