-286.262159375308 -4.9843540843453e-16
0 14.1123546406302 -1.42735216007717e-16
1 46.3982312669423 2.79747877423783e-16
2 -26.5084538957603 -3.70950738297811e-16
3 -43.5925087706459 -1.55641739369346e-16
4 -3.14567510188139 2.67413948334498e-17
5 80.3895356050063 -1.90078710872917e-16
6 10.8515834834814 3.10556159781317e-16
7 -29.1836903599056 -2.72487110999919e-16
8 -35.5055603148274 -1.70727960848577e-16
9 -7.30235112148699 -4.8032414995634e-17
10 -20.6978821626036 3.14102404387155e-17
11 56.7786789870042 -3.03576608295942e-17
12 48.610170286862 5.79573823829283e-17
13 -22.2319059719891 4.71537594850154e-16
14 10.3275531617945 -1.35916036093688e-16
15 -35.4565355100488 1.19375176699706e-16
16 -16.0729283491425 4.51177181552687e-16
17 -16.2682344209746 -1.63978802324854e-16
18 60.9558786060989 -1.26517358510954e-16
19 40.5203746803304 1.27262747504538e-16
20 5.63164521059679 -4.50192364579346e-16
21 0.186944994996313 -2.95956699902442e-16
22 -22.6712835844584 -4.89553420949622e-16
23 -49.8451953359834 3.67144736921482e-16
24 -20.3702469072501 -2.09205844199182e-17
25 74.3093584475862 4.28338914540185e-17
26 4.26466309355967 -4.49379212949981e-16
27 -78.1855976988599 1.31705717657203e-16
28 -82.1545206094938 7.19300378808352e-17
29 -81.904035124021 3.53807356134016e-16
30 -103.055052352483 5.55186051211937e-16
31 -45.4474742483815 -3.83382923208978e-16
