-167.575684625472 -5.28038839364153e-17
0 5.19182683139727 -2.50377115856859e-17
1 16.4818468252138 4.13155319565059e-18
2 4.9840772795359 2.54736335626864e-18
3 -7.88469822733419 -5.4305752761236e-18
4 -9.79019436865548 6.97764566124411e-18
5 0.788570362216659 -5.50663177617915e-18
6 5.03721312664228 6.29776054891466e-18
7 4.83849222211119 -4.10994503223574e-18
8 9.2814618553021 1.57973056384506e-17
9 18.1989517494582 8.9987368594718e-18
10 20.9230975811639 -8.37179130634575e-18
11 16.5787629821622 2.59326195409798e-18
12 4.71531134606214 -5.30750844749544e-18
13 -12.0523804660906 -1.19839280168722e-17
14 -10.189233490538 8.00135556407987e-18
15 2.51594565102031 -4.8758039887115e-18
16 -11.6079743392996 -2.51805954559758e-17
17 -11.7609651891071 -3.04381995456622e-17
18 7.41944413703828 -5.92838359783284e-18
19 10.2007930123385 1.26531193382426e-17
20 9.53815108184181 4.96163666069994e-18
21 5.34141038984791 -8.5128222920636e-18
22 -5.53770994191378 1.70310091261265e-18
23 -11.0401619426122 8.96443202510799e-20
24 -9.95827058841288 1.37120516944684e-18
25 -11.92585073092 5.81601056016377e-18
26 -21.590249738384 -1.2942310503651e-17
27 -32.8340261728565 1.537933017202e-17
28 -45.3920602532082 -4.49866256894653e-18
29 -41.2627962984405 -4.89973266947144e-19
30 -41.3486492361248 8.88826964593406e-18
31 -25.4358200749264 -3.96340833236071e-19
