-173.337679670657 3.42223545305603e-17
0 5.66676969226376 -1.19076950516194e-17
1 15.0319502350042 -4.92046380085549e-17
2 4.50588935821396 9.42941782011115e-18
3 -6.85619730011892 1.00036002792312e-17
4 -9.18213765049524 -2.24184916010585e-18
5 0.0653185501537106 -4.41805326679949e-18
6 4.48219385897317 5.90811656991782e-18
7 4.99030868528095 -2.02922624382529e-18
8 8.37761628538029 1.96303414830131e-18
9 16.4225920084907 5.14459577730687e-18
10 19.7394286677761 6.18087000219356e-18
11 15.8848879881695 2.9445688689717e-18
12 4.89452392713472 1.60583329583628e-18
13 -10.6967220088334 1.32954526565771e-17
14 -8.39901470306499 -8.12474003006324e-18
15 3.20500309858782 -8.85304719254407e-18
16 -11.9208242067889 -1.16342092887746e-17
17 -12.3909678085546 -1.42816813514969e-17
18 5.96515455458957 -5.0447164756098e-18
19 9.50999554921561 -1.0019693905229e-18
20 9.14185816432678 7.44323143791823e-18
21 4.9431620656659 2.53375788955336e-18
22 -4.72056724319248 -1.22784484312404e-18
23 -9.89191175043333 1.25510518680985e-17
24 -9.60218248233182 -1.02455693578301e-18
25 -12.3796247695389 2.12880555468687e-18
26 -24.631208375465 -2.51162915380635e-17
27 -39.5114292224134 9.94951722554898e-17
28 -44.8577655390158 -1.05950851509508e-17
29 -39.3879206296532 -9.08358132635512e-18
30 -38.4573928250875 1.60885085071087e-17
31 -23.2784658448965 3.29552285345073e-18
