-168.934086752525 2.94043936277234e-17
0 5.29659557459179 -2.33788504980475e-17
1 9.09923221405707 2.94439240377436e-18
2 3.07044426700779 7.97846802798427e-18
3 -3.90085215873532 -8.21329026609079e-18
4 -6.87261879788839 -3.58492577709595e-18
5 -1.06029300683958 1.51772201698713e-18
6 3.78786730753126 3.47039986401928e-18
7 5.10624971947699 3.09454664019491e-18
8 6.42325550344601 1.25484401831778e-18
9 13.915747891999 -7.53621095039912e-18
10 17.4184569706428 1.14814610139531e-17
11 12.3941740850328 -3.88237551374009e-18
12 4.31713919447445 3.8872459531868e-18
13 -6.04682661129041 6.7818928178297e-18
14 -4.72670621949928 2.93881610353827e-18
15 1.84022011886579 -1.38239306295849e-18
16 -10.4759359793046 9.04474133641956e-18
17 -12.1105635141017 1.01216907892942e-17
18 2.17024327785648 -1.39218688141112e-18
19 7.47399360092966 3.76308504033511e-18
20 7.96046691845619 5.15779537406825e-18
21 4.52386049520361 -2.16843963801048e-18
22 -2.03504082228841 -4.1072627612361e-18
23 -6.51647993869332 -2.15178132338114e-18
24 -8.57766398016494 6.68358405638899e-18
25 -13.9390250707111 -3.80275441669818e-18
26 -28.767604651498 9.7764895702486e-18
27 -45.3272505193664 -1.22654429461962e-17
28 -41.654893190025 3.85735274875662e-18
29 -34.2071574117095 5.22238163629639e-18
30 -30.4873608210007 1.28318432901133e-18
31 -17.0257611989797 3.01021392238391e-18
