-265.263108193563 1.46581663207278e-16
0 7.32143878689724 -1.86682673443059e-16
1 45.8145402571075 8.24767274514142e-17
2 10.1498561961803 4.97660090943476e-17
3 -33.1079484156048 -4.29863573845242e-17
4 -10.3348608508431 4.24719260412251e-17
5 66.6177874998146 7.42130740180012e-17
6 28.1599684345541 1.94605819631676e-16
7 -9.79499071239307 6.93211764032922e-18
8 -18.4925455328571 -1.15001663248716e-17
9 -25.108016792391 -8.83684062881994e-17
10 0.729093858747948 1.55925213062361e-16
11 43.516077956706 1.14606945895296e-16
12 33.5237839162662 8.33779705072928e-17
13 -27.8340929451358 -5.27102956190035e-17
14 -8.38360111419138 7.8298102164372e-17
15 -25.4639312802353 2.9460709407315e-16
16 -10.63486742805 6.00557653375929e-17
17 -4.13621563320642 -1.01345798073083e-16
18 36.3350469485593 -1.74322768676724e-16
19 16.2495130206808 1.44429281902225e-16
20 -0.677090058484294 -3.12193756812675e-17
21 16.7613939988554 -1.24380576729347e-16
22 -16.5347124916008 9.88368864833153e-17
23 -50.9112629645034 -5.8507389110012e-17
24 -22.8097957855086 -2.08312506784145e-16
25 28.9884317673546 -7.23894120825627e-17
26 -5.06324993051515 -9.77250145678857e-18
27 -54.8803766533232 4.50553765303507e-17
28 -72.9021633745325 -4.920696734916e-18
29 -63.7554750962105 -8.06951348190227e-17
30 -89.6781400544002 -9.9670931592045e-17
31 -48.9267037213003 -3.12916558260999e-17
