-264.076690543576 -1.73260504657572e-15
0 13.2303377469538 -7.60646880406991e-17
1 51.172459326628 2.48417822770741e-16
2 -16.0458902723821 -2.76076271941752e-17
3 -43.0754492709482 1.21606826171405e-16
4 -7.26711046024951 2.86781639017783e-16
5 79.0330589268889 -2.82491134795624e-17
6 14.9498793611343 -1.15991562419741e-16
7 -24.2719386369027 -7.43401289600894e-17
8 -29.2462545380146 -2.44103601626059e-17
9 -10.384971393815 -2.78111409769688e-16
10 -11.4863769893463 -3.61299080208164e-17
11 55.4835888505752 -6.97932560992284e-17
12 43.9926257338381 3.32882254205045e-16
13 -26.0696297480968 -3.26426169081073e-16
14 5.7100921596761 -7.24269638765581e-18
15 -36.8027443877835 2.16560913624507e-16
16 -14.39875974228 -1.45375135359993e-16
17 -16.9391196481131 4.23685880216601e-16
18 57.1416830907232 -3.29632471130747e-16
19 34.6347911805207 -2.4854883053325e-16
20 3.23035605279951 -1.36632061278434e-17
21 4.11363865677308 -4.98032785440269e-17
22 -22.648961370152 6.25968641793558e-17
23 -44.5588666287842 -2.32701408778753e-16
24 -17.0963207315983 -4.01012502284498e-16
25 67.3890463906284 1.72083213564184e-17
26 2.99162454435889 -1.65024605670398e-16
27 -69.211323992192 -4.32874493628416e-16
28 -77.9373105941274 -2.01781318072182e-16
29 -79.3526790459842 -9.52465961642201e-17
30 -103.995632508833 -6.70804919134885e-17
31 -46.3605326054717 4.76568970556849e-18
