-178.173391672421 7.53039289284267e-17
0 5.94715960353412 1.63542650943097e-17
1 11.0557231141447 -6.51156578201739e-19
2 3.47032380246107 6.26204399297208e-19
3 -4.69590397356334 1.96751636431386e-18
4 -7.60348432009527 3.3906905343787e-18
5 -0.908335426166293 -3.79131947191025e-18
6 3.88965262156366 -1.28657246080034e-18
7 5.10064171113096 -3.55773249018514e-18
8 6.77997335408213 -1.79825094702088e-18
9 14.3224526413926 1.73576109133719e-17
10 18.0169501735778 3.34401548968104e-18
11 13.5967911713249 2.9087817269502e-18
12 4.63104688606287 2.58825034249339e-18
13 -7.42694360866217 1.07959996013876e-17
14 -5.62014040959652 9.01006592514134e-18
15 2.6486171668631 7.69352967383188e-19
16 -11.3908079263582 9.0412296789924e-18
17 -12.7653212127983 -1.72584374724642e-17
18 3.1650984267739 -4.39041881689532e-18
19 8.0182775993909 1.08631975485364e-18
20 8.28221202670087 2.44531353264423e-18
21 4.57464953232064 2.05087852353947e-19
22 -2.770182033119 -6.82567383329091e-19
23 -7.40362549096266 -5.69283785241722e-18
24 -8.82683545235893 4.04719400805998e-18
25 -13.6517040346658 2.47503027187707e-18
26 -29.8038093725381 1.74807130350396e-17
27 -48.2998644729097 -9.26759923414615e-19
28 -43.476826112087 -6.22630979050981e-18
29 -35.6826439958068 1.6802098472131e-17
30 -32.6126019638912 4.92154376786324e-18
31 -18.7339316981655 -6.05099161694791e-18
