-158.760481463493 5.36714927256802e-18
0 3.46325700481115 -1.73816895895496e-18
1 6.39973225315623 -5.30711140080142e-18
2 2.57331054938145 1.16378797648792e-19
3 -3.00126147233527 1.87958375647703e-18
4 -5.91355102664158 8.38052633361431e-18
5 -1.08564985102145 4.16404926174161e-18
6 3.72160443634572 2.23157888562039e-19
7 5.1456185577823 -4.74851964186681e-18
8 6.21616705418823 1.63540886291124e-18
9 13.6220977496719 1.14034633967268e-17
10 16.6510474910095 1.2861630615425e-17
11 10.808456804313 -1.01800125370166e-17
12 3.8602912237934 -1.4574613579089e-18
13 -4.35570382347125 -1.10917199790977e-17
14 -3.70007347258662 8.21561960669574e-18
15 0.658350066588174 -1.19048451386822e-17
16 -9.12152707105597 4.2356235457846e-18
17 -10.85877439206 1.40967458246797e-18
18 1.09292997820012 -2.42166719620004e-18
19 6.85692371777525 -6.51880085510856e-18
20 7.58260306267678 -4.54355531515101e-18
21 4.45158867767927 3.06359464458066e-18
22 -1.25870244526271 1.29458398075979e-18
23 -5.57699972984755 1.60968023713839e-18
24 -8.32679866926966 -1.57590479836663e-18
25 -14.1751264678793 4.27045777574044e-20
26 -27.6092759477793 -3.83917683343012e-19
27 -42.1653143397349 -7.79235018434484e-19
28 -39.3405708697129 4.14333224757335e-18
29 -32.3348641016442 -6.85955515118108e-18
30 -27.9622493305263 8.17088567916887e-18
31 -15.0780170800363 2.02772628964786e-18
