-232.101855505677 -2.12616492947381e-16
0 2.39528373356313 1.3116093429996e-17
1 21.5939151280966 1.25780863363317e-18
2 8.43697140646969 7.09150100657088e-18
3 -15.5138172520446 8.36656793650435e-18
4 -13.0251455588185 -3.38968468275383e-18
5 6.14495113206776 -1.56450867592211e-17
6 5.27187426745145 2.72191214157012e-17
7 -4.04425898876648 -2.4569320012374e-17
8 9.38274067267075 6.96543426958781e-19
9 4.00961114716041 3.16965375748874e-17
10 13.5121030182122 3.39667270456868e-17
11 19.5277759368262 7.75599835369182e-19
12 4.17376415496303 1.5955841971745e-17
13 -28.4502353839692 -3.37439573805589e-17
14 -14.9758944204443 -4.27977513816025e-18
15 3.82378660274663 -3.49178038732955e-17
16 -1.82420764711021 -9.65730497596204e-18
17 18.7871484815394 -6.81543885184492e-17
18 23.5374248497189 -7.84675793399017e-17
19 7.86040129481338 2.81175410284222e-17
20 11.5352157494414 -1.57308135520911e-18
21 14.3079708182101 1.55409369997483e-17
22 -9.33210165115329 -2.23954099532458e-17
23 -19.5546761142111 -3.76040276933546e-18
24 -10.5554155919506 1.36742175561577e-17
25 -10.084203751949 -1.34071198334568e-18
26 -24.6222350049535 -8.65385327778143e-18
27 -41.5230356306375 -2.4130839290012e-17
28 -55.2398921791796 -2.51636547970307e-17
29 -54.9484209143082 -2.32190083222928e-17
30 -63.836242714746 -1.82750181813273e-17
31 -38.8730110953863 -8.7546501985047e-18
