-221.069836201712 8.77740715035427e-17
0 3.04405426114967 3.0355543247226e-17
1 21.1834588576546 -1.42995396294682e-17
2 7.50996594403748 6.55857611059005e-18
3 -13.6369099757932 1.05718182146809e-17
4 -12.3519576752647 1.43685022285904e-17
5 5.34295329752192 2.47841840366608e-18
6 9.80699205066712 3.94542299944738e-17
7 2.04995629869828 -5.17182788656109e-17
8 9.64988394566852 9.51105062040279e-18
9 2.44548102118216 -1.70084215808664e-18
10 12.8974978604973 7.12354708640864e-19
11 18.4743870542571 2.21029718282063e-17
12 3.51179215046076 3.56036182162557e-18
13 -21.7458656954212 -9.68257479222178e-18
14 -13.2558712318027 8.18684166231278e-17
15 3.75238887761522 2.27283291945562e-17
16 -5.95219117056228 2.51961243933422e-17
17 0.760718567086844 -8.56576185126696e-18
18 18.793193448262 -1.05310547540943e-17
19 10.3828706177423 -5.09423260998471e-17
20 11.2192429046504 1.86105844005979e-17
21 11.3104803624959 2.00407995320368e-18
22 -8.59401172594228 -1.33195930955739e-17
23 -16.9763643234168 1.77972915990759e-17
24 -10.8613937870421 1.2930946144942e-17
25 -10.6297850217894 -1.64706262454388e-17
26 -23.1017028283328 -6.86667022793801e-17
27 -37.9256022792466 3.38902117361182e-17
28 -52.0952140999914 1.29429457783614e-17
29 -51.6460598035403 -1.60079344980011e-17
30 -58.189811303643 -1.27268112046537e-17
31 -36.2424127995713 -5.23664002424183e-18
