-161.079422189733 -6.92233705676636e-17
0 4.01752378237149 5.42941060582113e-18
1 7.07640470185065 -2.5806270459681e-18
2 2.695896072043 -4.77528941230399e-18
3 -3.21041657269686 -7.59158572932587e-18
4 -6.15060014603019 -1.00249878611493e-17
5 -1.09436561882031 -4.73089076865208e-18
6 3.73268162731439 8.35795643487393e-18
7 5.13097592592068 -2.17422769648339e-19
8 6.24499659898451 -1.22438612525609e-18
9 13.6785898458357 1.72380910352104e-18
10 16.8428023446881 6.94616427003783e-18
11 11.1949409495702 6.29564296654652e-18
12 3.97282162828273 -3.20016106080568e-18
13 -4.76134735833078 -1.01393373090287e-17
14 -3.94164444608628 -1.22720250980571e-17
15 0.953761512501463 3.29629930031905e-18
16 -9.44707938761089 -1.92570822975897e-17
17 -11.1846640437059 1.30705301160416e-17
18 1.33624469482701 1.31643037219105e-19
19 7.00072866857782 -3.56982035620325e-18
20 7.67271872750161 -1.73853512423944e-19
21 4.47320108710404 -1.48262529505025e-18
22 -1.43070384078558 -4.58174238385638e-19
23 -5.78779068434315 2.11740590293841e-18
24 -8.38265884940891 -7.48907709618836e-18
25 -14.1310653912857 4.82238797347528e-18
26 -27.8938069417238 6.33647701321208e-18
27 -42.906507588972 -3.6260986369404e-17
28 -39.9003456245284 -2.9622859747851e-18
29 -32.7896231523216 -5.13647837822901e-18
30 -28.5657174773537 -1.92135306868851e-18
31 -15.5253732331021 7.7173524754734e-18
