-241.784320336898 1.6748004830537e-16
0 2.02720971241657 -5.63262792708323e-18
1 21.5632806579932 3.15625651970634e-17
2 8.87802785495777 -5.99829910902081e-18
3 -16.2802153514773 -3.36130907902081e-18
4 -13.1476009858 1.93902782285454e-17
5 6.58289500593238 -7.71294084553979e-18
6 5.49315235535871 3.31856920822393e-18
7 -5.57442927497889 -4.41249814238708e-17
8 8.75075664575276 4.18202753604708e-17
9 4.55094267213982 1.50711866444168e-17
10 13.5413255659564 3.79894276843552e-19
11 20.1323620667345 3.2709588979804e-19
12 4.018696658125 -5.40689364663994e-18
13 -31.9542455058905 1.57648360421392e-17
14 -16.1216475221507 2.94407123711519e-17
15 3.45065902739872 -7.35761052416663e-18
16 -1.51376897959951 3.1007476272296e-17
17 22.6096108476535 -5.48011964493008e-17
18 25.4960727005778 3.24598554325214e-17
19 6.82039156617187 1.82007616262847e-17
20 11.5746570917398 1.65013311897768e-17
21 15.5197252257915 -6.78120460356006e-18
22 -9.51208576643757 1.69412236337175e-17
23 -21.0098372535129 3.83240056985208e-17
24 -10.2103864088662 2.55860418933949e-18
25 -9.73347887035571 -9.35336132005562e-18
26 -25.2787361134013 2.88378719639831e-17
27 -43.3351089113459 -2.81855860085184e-17
28 -56.8373554518746 1.28979118599991e-17
29 -56.2882161296955 -2.00591519125606e-17
30 -66.1799509093044 1.1083990803454e-17
31 -39.8170225569072 3.66765266161122e-19
