-358.13150353048 -2.83775462619114e-15
0 -12.6539939733706 -5.08942569800904e-17
1 20.561659185238 -4.12358226268654e-16
2 -46.1645173014843 1.10236255887463e-16
3 -36.9635402597098 2.58699673373145e-16
4 30.3820668489301 -6.55355038176966e-17
5 76.0617878321891 -7.08964318097323e-16
6 30.4413914347895 -1.07081227565531e-15
7 -27.7596202025284 1.89193279098719e-17
8 -57.7369179455567 -6.08671099633362e-16
9 3.52658459937775 5.6255184972126e-16
10 -48.5481693839547 4.04949511423336e-16
11 50.445668021445 2.96944905007571e-16
12 72.5139038411885 -1.03622622635302e-16
13 -1.95187093451887 -1.51564687449895e-15
14 -16.4401748556398 -2.74867838270335e-16
15 -20.7004300091315 3.13126622431918e-16
16 -10.9332456142891 -6.70208607940019e-16
17 9.39096642069014 -1.26363763203186e-16
18 54.8873445311779 -3.42400081089026e-16
19 74.4147006081485 -4.55364912443907e-18
20 7.06708071820114 -7.59013800884686e-16
21 -23.6899441073398 4.62809767361646e-16
22 -3.90300081442969 2.02203705168547e-16
23 -79.1403563339552 1.1954051753101e-15
24 -59.6953780774201 -5.18790739534314e-16
25 48.6121171105058 2.1147815125235e-16
26 8.2946320203334 -2.76453483947596e-16
27 -98.6284249182633 -5.36221548211545e-16
28 -81.512339181527 2.20599002028384e-16
29 -80.1454949544248 3.91372137967481e-16
30 -76.737592836023 4.02528126571451e-16
31 -61.4263949991283 1.55799852186167e-16
