-181.721889983908 -1.29245316350185e-17
0 6.03474013448056 -5.3007321839174e-18
1 11.6890878527273 5.17565365203953e-18
2 3.6126112849344 6.25015023867107e-18
3 -4.98674070881176 8.54952705311128e-18
4 -7.84747126923945 4.23657645785024e-19
5 -0.823983797865374 3.85639983669095e-18
6 3.93885488137769 5.19104141724798e-18
7 5.09859044641643 -4.05217032662511e-19
8 6.94750428845489 -4.642243476766e-18
9 14.5144115071884 -1.7046855700848e-17
10 18.2301643532818 2.27368348170682e-17
11 13.9853992539236 -2.15075782523655e-18
12 4.71848502058089 3.87150525758365e-18
13 -7.90613327987854 4.64823447021585e-18
14 -5.95155311559938 1.512214979341e-17
15 2.87417830950177 8.57867910371262e-19
16 -11.6206280074967 -3.20203159189754e-17
17 -12.8775511202046 -6.14720044254021e-18
18 3.53347383477271 -7.70501755817901e-18
19 8.21790258226076 -8.10010548851394e-18
20 8.3988548391463 -4.00523058413143e-18
21 4.59874558069461 2.61108493902978e-18
22 -3.04225129657002 7.09121866225513e-18
23 -7.73655594764178 7.66014245849426e-18
24 -8.92458213995425 1.03239199054512e-18
25 -13.5269976672032 -5.7093197018492e-18
26 -30.2920111445779 4.40714771760359e-18
27 -49.6112613746021 1.71408057719143e-17
28 -44.049399181287 -2.26479669436855e-17
29 -36.1845165037926 -1.37572267849885e-19
30 -33.3826320782643 -4.12872092923321e-18
31 -19.3506255206617 -9.40308921266733e-18
