-150.042175036615 -7.3280702501311e-19
0 0.533017725205851 -3.95650854314457e-18
1 3.50504043832063 -4.56402527804298e-18
2 2.01897559793325 -6.66978447795664e-18
3 -2.17610210729737 -2.77791513659941e-19
4 -4.8807252893165 -2.25379585396608e-18
5 -0.957380190154278 1.15090601708178e-18
6 3.70360537356478 2.59136936485646e-18
7 5.24935971403589 -6.07569674457616e-19
8 6.21357692961305 5.83341885188183e-18
9 13.4263912987546 3.96824347876799e-18
10 15.7820401744135 -1.05299959629102e-17
11 9.22440457509131 -3.78599022295044e-18
12 3.41655746244842 9.3927042358036e-18
13 -2.68285997683431 -2.00596813081526e-18
14 -2.73627369409867 1.43392090058312e-18
15 -0.607385721624914 -4.9444136574391e-18
16 -7.92419689200005 -6.30915137740326e-18
17 -9.48009100658691 1.6306795956224e-18
18 0.1956739785412 -2.08772445674504e-18
19 6.28674828836639 3.41341042853682e-18
20 7.2022900491841 -3.29354644324047e-18
21 4.30868456469512 3.2533123782459e-19
22 -0.65632796041041 1.15581174956796e-18
23 -4.79859587945605 -6.52391834583155e-19
24 -8.11068555198604 -7.04343188681418e-19
25 -14.2565821805683 -3.44256689076809e-18
26 -26.3509047283129 1.11330657748356e-17
27 -39.1470242655664 1.24473256250993e-17
28 -36.9778973904838 1.03203906015042e-18
29 -30.4184444033323 -1.09988992852944e-17
30 -25.4728146526063 4.94811942658334e-18
31 -13.4742493161478 5.89531401985046e-18
