-150.890431305187 2.16707865017595e-18
0 0.87145303960088 -4.91798799413674e-18
1 3.806183403534 -4.85826334809545e-18
2 2.08111152304842 -3.55254661919817e-18
3 -2.25897711725249 -3.70809848484251e-18
4 -4.99224992761131 -1.21916054959972e-18
5 -0.977422874994824 1.23010359765006e-18
6 3.70354658843004 -3.43514211758981e-18
7 5.23524371580145 5.03246979091408e-18
8 6.20623006370721 2.68511208931587e-18
9 13.4462903418752 -4.23786465379087e-18
10 15.8787327261564 -5.45503335247557e-18
11 9.38539463737543 2.47220682871955e-18
12 3.45919790380719 1.18584612615602e-18
13 -2.85596064055087 -1.72244149824162e-18
14 -2.83309765708631 3.86218789516386e-18
15 -0.473524474273858 1.41013339198107e-17
16 -8.03280108671829 8.64061838798058e-19
17 -9.62113885783127 1.62122106104473e-18
18 0.280465771394802 3.42818938881444e-18
19 6.34425692286098 4.0598995022688e-18
20 7.2429176492813 5.31257299865924e-19
21 4.32855761114463 -1.26094089088603e-18
22 -0.710197199699596 1.99264500841574e-18
23 -4.87272852875063 -2.82963708594113e-18
24 -8.13276173804004 3.15113902898334e-18
25 -14.2564270514782 -3.307001914538e-18
26 -26.4884038087473 -8.53262168720565e-19
27 -39.4588063748897 -1.21237943322876e-17
28 -37.2281342397292 -8.67968778267269e-18
29 -30.6203854309926 1.76980100732348e-17
30 -25.7302421607577 7.57176868766408e-19
31 -13.6167540338007 -3.44918874729843e-19
