-187.674575590348 -7.43170164308672e-17
0 6.06256507898628 -1.72159446529437e-17
1 12.622838500953 7.68142416129402e-18
2 3.83657304234786 -4.49968606709113e-18
3 -5.44937503248372 -3.33579221148478e-18
4 -8.21284975286415 -7.2259674869475e-18
5 -0.659018654703518 3.68981669039761e-18
6 4.03307380303987 -5.46364485410599e-18
7 5.0901429782932 -2.73535173099989e-18
8 7.25017538537171 2.68773700912636e-18
9 14.8726774435231 -1.24694543608463e-17
10 18.5727568694736 1.90243599953316e-18
11 14.5479347486226 4.97211869342221e-18
12 4.8247982908221 -2.22812016775243e-18
13 -8.64165605391564 -8.82509510528468e-18
14 -6.49425460865652 -8.00004972161952e-18
15 3.14357302001721 -9.4701459876583e-18
16 -11.8660888968837 -1.52840036724145e-17
17 -12.9242541710324 -3.84242379306126e-18
18 4.1227996691913 -1.02872151444035e-18
19 8.53654541620816 3.14136285705045e-18
20 8.58388332293388 1.25449108792309e-18
21 4.64915288172522 5.10789101625918e-18
22 -3.47272120189163 3.65339427366567e-18
23 -8.27094120184873 -1.57322252736699e-18
24 -9.08654398220227 -2.02342053883265e-18
25 -13.2877943052513 7.06556062256121e-18
26 -31.2780119766962 1.77082825535352e-17
27 -52.1561258794563 -1.39706085016177e-17
28 -44.7268356883245 -1.30288490364288e-17
29 -36.9576359461113 -1.02071705308879e-17
30 -34.6139101453931 8.48444668833052e-20
31 -20.3260485441418 9.1612965992657e-18
