-187.998929064817 2.21757990151504e-17
0 5.93689161099563 -3.67202899850527e-18
1 13.8409863082491 -1.84787296051419e-18
2 4.15729590900566 -7.06880758219236e-18
3 -6.11930141296558 4.733820090928e-18
4 -8.69821870456427 -2.63886056109185e-19
5 -0.354838357520234 -2.92875758728962e-18
6 4.21167476244494 4.52880282465301e-19
7 5.05882302873596 -1.60431569513911e-18
8 7.75548944013329 9.69993896764048e-19
9 15.5166489962449 2.37148049407523e-18
10 19.0943193434886 -4.15483777844022e-18
11 15.2491933204931 -3.89846913973792e-18
12 4.90550048439208 -1.0316155436768e-17
13 -9.65235589018053 -3.21357241580388e-18
14 -7.33946441707712 4.14481455523104e-18
15 3.32066453357467 -1.21327587643127e-17
16 -11.9956044545382 -1.26204379836944e-18
17 -12.761766450172 -3.17575945331687e-17
18 4.98672278095374 5.30588496767987e-18
19 9.00025460721895 7.45953682215287e-18
20 8.85081868734836 7.49680627183206e-18
21 4.75839747147338 -2.819278578857e-18
22 -4.08199683902046 -9.30042176085221e-19
23 -9.0468734648971 -1.8079918259143e-18
24 -9.33126019530023 -1.67447825760333e-19
25 -12.8371341846114 -4.80648845919453e-18
26 -30.1632589798528 -3.30091562988158e-17
27 -51.0820741146416 6.49386985202771e-17
28 -44.9357402828366 4.06920274747281e-17
29 -38.084447509284 1.98788750669533e-17
30 -36.4255807085557 -1.62280924782083e-18
31 -21.7326943835516 -6.98470426913789e-18
