-249.352248257192 -1.86744789192524e-16
0 11.6653165431334 1.44338931721185e-16
1 53.0413052127892 1.01474547081065e-16
2 -6.87138018907342 1.67859342600543e-17
3 -41.4110163159948 -3.18005532208103e-16
4 -9.26056835565644 2.33826268532707e-17
5 77.087390412754 7.65503202637916e-17
6 19.928382830955 5.09721840112378e-17
7 -18.634490196138 -2.78626405801619e-16
8 -24.745852289755 6.47675272788528e-17
9 -14.1641608133132 9.63810556249094e-17
10 -4.99592944719268 5.07090391089572e-18
11 53.2004708217237 -4.29795811209462e-17
12 41.0437286214528 1.91372977216322e-17
13 -26.9759480625022 1.5330618718945e-16
14 0.649403402565853 -5.65682483494312e-17
15 -36.3998339726683 2.54124566080709e-16
16 -12.4044555832884 -1.71157124208519e-16
17 -15.1160279734989 -2.83902856374381e-16
18 51.7471970814789 -1.75189001037449e-16
19 29.4225461838111 1.56079937747393e-17
20 1.12556598714167 2.35437889887016e-16
21 7.71058987058163 -1.18630917083385e-16
22 -20.8555009162073 -1.07382319543848e-16
23 -43.8635005969447 -1.0247969284514e-16
24 -17.1300427130708 2.4613648069947e-16
25 57.6501380081434 2.07459826950575e-16
26 1.3080310351223 -1.11390479450256e-16
27 -62.198833505606 -1.31200886020639e-16
28 -74.3883576266813 6.23777649903328e-17
29 -75.7788712903278 -4.22838847269347e-17
30 -102.345656068352 -4.74982195502322e-17
31 -47.3918883525735 2.72383208291723e-17
