-236.642437643071 1.09926656521982e-16
0 2.22296919619677 -9.95856636086882e-18
1 21.5961243734912 -6.11967187175444e-18
2 8.6518559867779 1.10560387161946e-17
3 -15.896931333374 2.25761103153267e-17
4 -13.1222351011693 -1.0135596246845e-17
5 6.22723607257723 1.38907050602601e-17
6 5.1776621873757 -1.28269022645876e-18
7 -4.8852146969363 -2.14588738578983e-17
8 9.16831195524784 -2.7306789325742e-17
9 4.42687747008783 7.93158828365769e-17
10 13.5624845830539 2.18703906981061e-18
11 19.8118015590157 3.84682836438698e-17
12 4.14057640864012 3.4026725212784e-17
13 -30.1784449008108 -3.48227950110452e-17
14 -15.5365495527458 -8.01515514251222e-18
15 3.6663522983465 4.30964716676673e-17
16 -1.61281528899358 -5.62291528262137e-17
17 20.9507361862843 5.57195213362824e-17
18 24.5267935715769 -1.78404902793858e-17
19 7.31711034927885 -1.67867812930015e-18
20 11.5666730953157 -2.19303888652033e-18
21 14.9165323570918 5.60227591313994e-18
22 -9.4420363930404 6.18475223653514e-18
23 -20.2398594032401 -8.17669138416151e-18
24 -10.4063579595315 -1.55976882072143e-17
25 -9.91996853312886 -1.62089636508162e-17
26 -24.9506079097607 -6.66600812273346e-18
27 -42.3929459106133 -9.29646894043169e-18
28 -56.0090939887731 -3.99281625749823e-18
29 -55.6200636815119 1.96830692839797e-17
30 -65.0058605337765 3.39273400136395e-17
31 -39.3535501060227 1.17257594331571e-18
