-185.651684814072 3.05823649944479e-17
0 6.06613029961353 -9.01497165762752e-18
1 12.3136453476315 1.16978073458976e-17
2 3.76042924476101 -5.3914529418723e-18
3 -5.29153115371131 -2.82520780948778e-18
4 -8.0911696110683 -7.6424959387598e-18
5 -0.719506335584014 5.18708859682746e-18
6 3.99854681324418 -2.38545653770492e-18
7 5.09397786886986 -7.0855717759401e-18
8 7.14220416785591 -1.29850150814084e-18
9 14.7428869723474 8.50632837280131e-18
10 18.4549145278065 8.75302671868913e-18
11 14.3635205024809 2.54236939118378e-18
12 4.79312472244714 1.37602266933435e-17
13 -8.39429780578414 5.12716101580922e-18
14 -6.30630774336927 4.45285220371586e-18
15 3.06455471600369 -8.97798455226408e-18
16 -11.7982953847023 4.12099175358951e-18
17 -12.925277227286 -1.44125832348871e-17
18 3.9212401362547 -6.40381613251879e-18
19 8.42766497552705 6.79292189266374e-18
20 8.52081235517197 1.09373129314212e-18
21 4.63000560234557 -7.76806857319025e-18
22 -3.32643456277509 -5.08622109002526e-18
23 -8.08819104443036 -5.27489767902615e-18
24 -9.03046118190319 1.16347033913272e-18
25 -13.3765729323295 5.60636990571834e-18
26 -30.9297601350332 1.28644540585826e-17
27 -51.2468910003586 -1.2764010068254e-17
28 -44.5386770703155 -4.1383912220477e-18
29 -36.6958058154361 4.10309818257876e-18
30 -34.1923462988589 1.39972194533773e-17
31 -19.9938177634869 2.12828784991416e-17
