-169.814621852221 -1.1342044684791e-17
0 4.63990943116253 -3.07969532918639e-17
1 17.8751721103284 2.30843300836793e-17
2 5.51314605631939 -1.39747024941961e-17
3 -9.05287033521689 4.04800574796777e-18
4 -10.4129146738429 8.98179620052673e-18
5 1.76382440704904 -4.62091765766689e-18
6 6.03377538817007 -1.74100563700228e-18
7 4.64847446904939 3.98190188504246e-18
8 10.0716819612156 2.93948667128817e-18
9 21.3315336203736 1.03062733857167e-18
10 22.972749712967 2.36179608404495e-17
11 17.109069520402 5.63252204796482e-18
12 4.32364051164907 -2.96454472931111e-18
13 -13.4912628143778 -7.86470091525618e-18
14 -12.5180334970005 -4.35233762730831e-19
15 1.29129304939166 2.64206516907561e-17
16 -11.1260399873708 -2.72462264700134e-18
17 -11.0891682291615 -3.22982133117537e-17
18 9.24589604748338 1.01001620352182e-17
19 10.8965146540165 4.94144904212371e-18
20 9.96330064496925 9.17195509718531e-19
21 6.02538724961709 -8.55672683316295e-18
22 -6.34663400625494 -8.98334909426336e-18
23 -12.286604563929 -5.23268720382132e-18
24 -10.3054580207903 -1.58261929912559e-18
25 -11.5532587237022 3.94675001773141e-18
26 -20.9524641746873 1.4839311375106e-18
27 -31.9403144281274 -1.72265325647843e-17
28 -46.4782133324926 -2.50649754586756e-17
29 -43.4049589588284 4.08891038071227e-18
30 -44.6986408242956 3.18473800255776e-17
31 -27.8631541163068 -4.33732043901432e-18
