-221.679464190339 -1.55162706944634e-16
0 2.93258764476939 1.16425737391288e-17
1 21.3096374949426 4.99100046953807e-18
2 7.67854205464769 -1.66830197569628e-17
3 -14.0033013077466 -1.43165508744922e-17
4 -12.4830343899937 -1.06464982861972e-17
5 5.57329487143883 1.73034008047477e-17
6 8.65003535615524 2.67800054186288e-17
7 0.727780782623462 4.77105424756772e-18
8 9.60389409104637 -6.27100842499721e-18
9 2.51085429906507 -3.57145795323461e-17
10 12.9995068766934 5.87970037918941e-17
11 18.6486587837871 -2.75922394289667e-17
12 3.65887446501453 -1.75116297376143e-17
13 -22.828941148738 -1.84752003011951e-17
14 -13.4208654039548 -7.27078964707304e-17
15 3.89539348924606 1.41108630404673e-17
16 -4.62958073462379 2.82095146892783e-17
17 5.1388717601782 -3.32403962934162e-17
18 19.7185253354523 -1.38939520198912e-17
19 9.97059144302426 -3.23855988774788e-18
20 11.2926168452066 -3.00668461843702e-18
21 11.8831831083462 -1.7968604012658e-17
22 -8.74638849319798 -1.67506412205853e-17
23 -17.4095763968831 1.89837729999423e-17
24 -10.8397567692878 -6.30277216051925e-18
25 -10.5481852420141 9.19073099418278e-18
26 -23.3820786096128 3.07043796493369e-17
27 -38.5661994630044 8.13278684306218e-18
28 -52.6457795541973 -2.23831279755106e-17
29 -52.2918898817958 -1.92670349347199e-17
30 -59.2826693692607 -3.17671236538253e-17
31 -36.7940661276653 -1.04227404159642e-18
