-176.505960986299 8.2844383866822e-17
0 5.74544541968324 -3.85444901393431e-17
1 14.7366733879519 2.04107058787106e-17
2 4.41600228446097 4.12085058143164e-18
3 -6.66526352289254 1.0738754291369e-17
4 -9.06116803284516 1.64927902742253e-18
5 -0.0518514058735361 2.41016166533318e-18
6 4.40342179310299 -8.21198442363045e-19
7 5.01166524368615 -2.26228382995836e-18
8 8.21167016427677 -3.72068045341319e-18
9 16.1652469319943 -4.69552714310421e-18
10 19.5620291085538 3.82734307729618e-17
11 15.7324396355295 -1.50864332374674e-17
12 4.90721033801443 3.22841313890056e-18
13 -10.4324486144728 -9.32922088105887e-18
14 -8.10835836753222 3.78295502155612e-18
15 3.26663895776665 1.08922084269799e-17
16 -11.9562332885235 3.10786976259443e-17
17 -12.4988346113365 -6.37219356915463e-18
18 5.70767309014556 -6.77033434740362e-18
19 9.37837348559041 -1.99702134530989e-18
20 9.06684119631347 -2.68343566994109e-18
21 4.88793252528964 -5.87135004605106e-19
22 -4.55893139396529 9.61915320029612e-18
23 -9.67436453680386 -2.84553660022189e-18
24 -9.53264845660842 -1.78512193633844e-18
25 -12.4853480952056 -1.10833908217831e-17
26 -25.830423670638 -5.0230183149443e-17
27 -42.1561995793261 5.94875076974737e-17
28 -44.8428260760969 1.59273251958541e-17
29 -39.0449547288975 2.3555725976976e-17
30 -37.9275046312914 1.10873083491641e-17
31 -22.8778655363492 -4.60390641264287e-18
