-247.896365116799 -5.16135291244672e-16
0 10.1010502683074 -1.17249688690729e-16
1 52.3117661667646 9.43052602155048e-17
2 0.578429145825691 -5.74627151417318e-17
3 -38.9191720442791 -6.55321156859077e-17
4 -10.0834157395373 -8.66209773180137e-17
5 74.1614093514795 -6.77773176847631e-17
6 24.0002160015376 -4.55376206216542e-17
7 -14.109984500392 -1.69693451275664e-16
8 -21.8916650430638 -2.13884854199815e-16
9 -18.5488593221875 8.22683573463897e-17
10 -1.42150645027802 -1.26265507381304e-16
11 50.2492671802529 2.18319918711638e-16
12 38.5142369231557 -1.83410867512128e-18
13 -26.8145516235414 -2.72089570203342e-17
14 -3.4439936937712 5.71645595442983e-17
15 -34.3347879950478 5.15744244367356e-17
16 -11.0666317630184 3.20981158951807e-16
17 -11.9937963594526 -2.04700193608421e-16
18 45.791418821672 -1.27549609329342e-16
19 24.5333054193257 7.81935641814651e-17
20 -0.103837226776484 7.53520509877424e-18
21 11.0068519858715 -7.36941251656501e-17
22 -19.1459015328567 -8.14958632984935e-18
23 -46.135445281606 -2.32269986664285e-16
24 -18.8591050277355 -2.81502929690495e-17
25 47.1964681035033 2.36496116382453e-16
26 -0.658608119771163 -1.59027330059522e-16
27 -57.6024700472353 1.47519258093809e-17
28 -72.4291211771426 8.10938049928637e-17
29 -71.5879255315642 -6.03200396171364e-18
30 -98.8574575398411 4.44556772036946e-17
31 -48.3325484653966 1.5365177663193e-17
