-157.657145957353 -3.23334092953638e-18
0 3.16660303529195 3.4721327522572e-17
1 6.06338094600102 -7.29394188096465e-18
2 2.5121006918669 -3.33348934065943e-18
3 -2.90038128675232 -1.92064720789912e-18
4 -5.79589813815455 4.33806159284316e-18
5 -1.07814108030082 -2.61468482905562e-19
6 3.71719508989339 -2.78393259982887e-18
7 5.15418739982003 1.56806974360453e-19
8 6.20644236933538 -4.60399464524155e-18
9 13.5966124061484 -2.16445152455049e-18
10 16.5549495580378 9.18543703826245e-18
11 10.6190303468419 -6.40681604087365e-18
12 3.80534608369058 9.06865237065976e-18
13 -4.1573613092028 3.6735818922419e-18
14 -3.58295686714849 1.2641931444731e-17
15 0.511943212023312 -6.19731655858609e-18
16 -8.9654759637988 5.19880588593115e-18
17 -10.6964863872737 -1.54175128290955e-17
18 0.977554874323827 -2.09771238691474e-18
19 6.78747076584146 -5.72223695429485e-19
20 7.53844468065008 7.03884379168324e-19
21 4.43954502612356 9.23336498586127e-19
22 -1.17811176007764 -1.73719398873963e-18
23 -5.47717880037322 1.03592129449201e-18
24 -8.30022766921449 -4.93813149641363e-18
25 -14.1934829103471 -4.5746837759626e-18
26 -27.4676099700927 4.92295548944199e-18
27 -41.8050709312771 -1.09172664850028e-17
28 -39.0654983721281 -1.47030802427559e-18
29 -32.1112279711618 3.88526954297654e-18
30 -27.6671941377673 -8.46182385003099e-18
31 -14.8656488881715 -8.53639804242884e-18
