-146.872328139272 1.74398348720748e-18
0 -0.7818777521032 -3.07667071570392e-19
1 2.37375039647635 2.1952799945266e-18
2 1.76951233836868 2.76386850689078e-18
3 -1.86498719068975 -5.06405706123877e-18
4 -4.44415155095247 -7.95116886195506e-19
5 -0.866671047881536 3.44838583065053e-18
6 3.70743557077418 -2.69278832540036e-18
7 5.31010352192766 -1.40113366691644e-20
8 6.25460786737225 3.2757940443876e-18
9 13.3447373098793 -1.05896059065733e-17
10 15.397196400834 1.39598088315403e-17
11 8.62269733475978 -4.31055066857714e-18
12 3.26554499165837 -1.82558540608957e-18
13 -2.02362979146975 7.58553297305694e-19
14 -2.37574585593203 -3.10359930481869e-18
15 -1.12287747084212 6.70613630860964e-18
16 -7.55027281362144 -2.37046140756056e-18
17 -8.9535563400412 -3.42771734441154e-18
18 -0.110157691224927 1.2679024429213e-19
19 6.07015772954918 -1.52896505587295e-18
20 7.04282124243096 4.35279643682144e-18
21 4.21924354774198 1.14614145675355e-20
22 -0.470285410276603 -1.54371754637096e-19
23 -4.52855487156844 -5.10902039352218e-19
24 -8.02470885325661 2.11436187828422e-19
25 -14.2372604021382 -4.92210845649474e-18
26 -25.8094863207746 7.10706523697668e-18
27 -37.9537524525802 -6.4584497576167e-18
28 -36.0061029125829 7.89382649607791e-18
29 -29.6388598506848 -7.39198594460934e-18
30 -24.4949060199773 2.26895421441799e-18
31 -12.9922917924473 2.13177017000226e-18
