-171.844406606646 -3.7997291414712e-17
0 5.58219589264447 -8.28138818574609e-18
1 9.76070490241777 1.18389442107339e-17
2 3.19992846205398 -6.91408289716057e-18
3 -4.1535455561001 6.95033767195503e-18
4 -7.11573187064446 7.24142583823489e-19
5 -1.02471675269168 2.76496259111432e-18
6 3.81547508565151 4.41614744266817e-18
7 5.10325753747619 -3.95557327759864e-18
8 6.51971782857633 -1.1673525734743e-18
9 14.0275581161177 5.58544113331326e-18
10 17.6133820094484 1.01727245243663e-17
11 12.7984097248051 8.53145701690319e-18
12 4.42799234172615 -1.21288059438922e-18
13 -6.49689424397907 -3.03124857390739e-18
14 -5.01052020682538 -1.56754740662038e-17
15 2.12486379148581 -1.98226885481188e-17
16 -10.8078186984471 -1.02706627088925e-17
17 -12.3725440362724 -6.17070560682652e-18
18 2.48377625263122 -5.09218561369551e-18
19 7.64690466848584 -5.41209936996162e-18
20 8.06341147811116 -4.25471708013729e-18
21 4.53901994942153 4.00858342288096e-19
22 -2.26594392611684 1.44172066230576e-19
23 -6.79386260867259 -1.62933846012258e-18
24 -8.65390887633483 -3.60906621609272e-19
25 -13.85469476716 5.20462923744352e-18
26 -29.0779551138763 1.01739068411885e-17
27 -46.2254768086787 -9.73770251987225e-18
28 -42.2613160626862 1.43375987609054e-18
29 -34.6940251550449 -2.87242989629721e-18
30 -31.1694528394533 6.19428135719176e-18
31 -17.5725971247156 -6.67161971600903e-18
