-189.461321069297 8.37691320869868e-17
0 6.04713626349486 -5.61793719940428e-18
1 12.9300923734154 3.26178270771844e-18
2 3.91428264780031 -4.81388235096327e-18
3 -5.61097400762766 5.79991693416594e-18
4 -8.33439672393 -8.12481061614219e-18
5 -0.5926309698355 6.87811928994173e-18
6 4.07120159734064 8.86797614823943e-18
7 5.08496350477706 5.16361872558062e-18
8 7.36541076295033 -3.25041834900944e-18
9 15.0139520935203 -3.59226672930549e-18
10 18.6949558437531 9.22210650627066e-18
11 14.7289146575471 1.70912190514605e-17
12 4.85223872437006 4.20350687986787e-18
13 -8.89115998364917 8.49934035098646e-18
14 -6.69043384803271 1.92915283041114e-18
15 3.21008937799625 -1.23375995653904e-17
16 -11.9195435666976 3.46681409120923e-17
17 -12.9068060636542 -8.26051235290022e-18
18 4.32978871502903 -1.88789526727196e-18
19 8.64818917980957 -3.39236695375347e-18
20 8.64839431169369 -2.13611121385694e-18
21 4.67114129461923 7.88164157420126e-19
22 -3.6215960395105 4.93241402401967e-18
23 -8.45824497061764 2.18640379510016e-18
24 -9.1447294793311 -3.89141053184414e-19
25 -13.1882475962616 -2.68008283119154e-18
26 -31.5502591643032 -3.58875507187833e-18
27 -52.9617549360522 1.84328486538323e-18
28 -44.8623491405168 1.0573406401457e-17
29 -37.2256876686303 1.32419484087422e-18
30 -35.0475029255997 1.30088731760894e-17
31 -20.6657553331638 3.5992900441598e-18
