-153.599150440946 -6.34388402957987e-17
0 1.88486579326038 -5.77667646767565e-18
1 4.74628678700169 -5.5277017207421e-18
2 2.26662966466833 1.51650661294042e-18
3 -2.52041606726249 -1.47503729156443e-18
4 -5.33202782108778 -1.86735471830104e-18
5 -1.029845680471 2.87426513434959e-19
6 3.70609148884816 -2.8012085426489e-19
7 5.19633735547898 2.51746353439355e-19
8 6.19377883268063 -1.39449857549633e-18
9 13.5068980195533 -3.52480408436063e-18
10 16.1690334096602 -9.61004759611314e-18
11 9.89238977879269 -5.12084356174428e-18
12 3.59806596664928 2.14871082894734e-18
13 -3.39472698596771 -4.07899303662149e-18
14 -3.13923700608272 6.19819888457281e-18
15 -0.0608582228993357 -3.11658714334326e-18
16 -8.39611389579266 -4.05564669101279e-18
17 -10.0651298630405 1.66434915527576e-18
18 0.556331581440911 -2.50898217584619e-19
19 6.52527954341581 -3.51532790326322e-18
20 7.36697179751862 2.61440248473987e-18
21 4.38208163423488 -2.22720254872625e-18
22 -0.890714409086674 4.32777367183797e-18
23 -5.11262222554742 2.66782291160602e-18
24 -8.20125542998511 -2.55168675360358e-19
25 -14.2430947965681 1.04765270081148e-17
26 -26.9049674686288 -7.08684232536096e-19
27 -40.4282526072748 -3.03215119339181e-17
28 -37.9969504985917 -1.93142040819702e-17
29 -31.2429561854911 6.66247881878658e-18
30 -26.5321552251191 -1.96455174899847e-18
31 -14.0988677052525 2.13107754410268e-18
