-252.355603833519 -2.35255777803357e-16
0 1.54129619424002 -3.81733750060674e-17
1 21.3698989809581 -1.06754385785617e-18
2 9.36285106548606 7.10759463256871e-18
3 -17.0470662931616 2.64309572582811e-17
4 -12.8095175038003 1.44523584903686e-17
5 10.0793311174822 3.1812863432977e-17
6 7.41035648855541 -1.78447254441221e-17
7 -6.5465525396639 1.45986128459278e-18
8 7.025229328348 2.22192271002169e-17
9 2.92382126409078 -3.80278265112976e-17
10 13.2430652838407 8.41930985468672e-17
11 20.9079532146564 -3.99548264663011e-17
12 3.69924292077276 -5.43951853232503e-17
13 -35.2034636823937 6.44177026716368e-17
14 -17.1912494650127 3.61812946862832e-17
15 2.78707051867301 -1.10885224297218e-16
16 -1.44835342606503 -1.35848555802223e-17
17 24.3158193871871 -3.04906450023131e-17
18 27.133012140509 -1.14506431318888e-16
19 6.05638315975406 1.45556965099336e-17
20 11.4813450228926 -4.06928745076748e-19
21 16.7518665917996 1.24047269264603e-17
22 -9.44615235399047 -9.71285622008613e-18
23 -22.8761029698955 -2.1568282280252e-18
24 -9.65575270185552 -6.82680321055391e-18
25 -9.31112792093652 5.61695781755901e-18
26 -25.9059456013209 -2.06817211287925e-17
27 -45.4988885049282 2.15456241489129e-17
28 -58.6960781034465 7.2168618827645e-18
29 -57.5932316814778 1.25475225641516e-17
30 -68.5191879122569 -5.18451926355412e-17
31 -40.6954758525594 -4.68571567813185e-17
