-265.716276907016 -6.51328808234351e-17
0 0.442883861108906 -1.58508098862853e-18
1 20.6429410059206 2.29531811490129e-18
2 10.1384350156527 -2.82868064457152e-17
3 -18.223218378836 2.36293957852375e-17
4 -11.5057740025911 8.20379643847364e-18
5 23.4202616466164 -8.8380194163382e-17
6 12.41563857572 3.71853110730953e-17
7 -7.20218536423459 -2.0824305008247e-17
8 2.7105463933655 2.38057198104242e-17
9 -4.34956891991947 2.15188720249955e-17
10 12.1881086104191 -2.88222724405378e-17
11 22.4979105728989 -2.18160394173239e-17
12 4.14763349149582 -5.09354792501901e-17
13 -37.8402772458092 5.14098177006525e-17
14 -17.8061903366422 -7.98260790151398e-17
15 0.821466309864037 2.25598755171711e-17
16 -0.838972923494428 -7.05843848719638e-17
17 23.4418060815049 2.62900956791527e-16
18 28.1643969052424 -6.93110120079249e-17
19 5.59295433496438 3.34397313803368e-17
20 10.862533900623 1.968504569419e-18
21 19.1455621043157 5.19149316815318e-17
22 -8.53199548607076 -4.33728867527879e-17
23 -26.8546266105793 -3.31665632548473e-17
24 -8.82188176551263 -2.07170141682618e-19
25 -8.80797070515872 1.48880157695731e-17
26 -26.5640263384818 -9.80203467221621e-17
27 -49.7419244459313 3.32155499936301e-17
28 -62.0848148476729 3.7151570927363e-17
29 -59.3493520460541 -1.38268246588213e-17
30 -71.8990604139871 -3.09833358332993e-17
31 -41.9275158857526 -1.1271467429113e-17
