-196.106181485374 -7.03035934499491e-17
0 3.97421523461481 2.81827978584003e-17
1 19.4201133916262 -2.33318225229552e-17
2 6.22390489655388 1.1917753567868e-18
3 -10.6758698170596 -6.76177578533241e-18
4 -11.1903917349839 -6.45333226689371e-18
5 3.21835405358218 -1.35041756919964e-18
6 8.49186956560282 -1.15029897680291e-17
7 4.73347388634561 7.80286751010661e-18
8 10.1094719028012 2.37515097017999e-18
9 12.6165435872899 -2.34568834083133e-17
10 17.533720286316 -1.67730875936875e-17
11 17.4634346306501 2.84774241518869e-17
12 3.65619910982513 2.32658774787075e-17
13 -15.5992424969596 5.93085411059567e-18
14 -14.2704330181349 -1.60326396256294e-17
15 0.794826984231784 4.40978057834798e-17
16 -10.6830408683419 -3.14658622689185e-17
17 -10.5406040082333 -1.98064537499631e-17
18 12.1225825438534 -1.61275073157219e-18
19 11.5090894127619 2.47841840366608e-18
20 10.4879496413603 5.04665759278059e-18
21 7.42816043060953 -8.52171613800976e-18
22 -7.2707485963427 -5.73586006752984e-18
23 -13.9266697915062 7.34158748424771e-18
24 -10.6568469955792 -4.34471433078306e-18
25 -11.1762072752707 6.48509600241574e-18
26 -21.2989489569953 1.50071827173399e-17
27 -33.435208228208 1.33712268123169e-17
28 -48.2695996314847 -4.78918781124686e-17
29 -46.3604831126294 -1.86052198585986e-17
30 -49.4342050180059 -1.39739436938476e-17
31 -31.1015914936631 -3.7369681911281e-18
