-180.351737664657 3.49218537495746e-17
0 5.81713923976611 2.21788518630645e-17
1 14.4397521151689 -1.43676551956432e-17
2 4.32796246291444 5.29552646059574e-18
3 -6.47889252283713 9.71552084456603e-18
4 -8.94022711390678 4.73907875380887e-18
5 -0.160688922876892 -3.43436567072148e-19
6 4.33265235898279 3.1250574728158e-18
7 5.03008924687416 -1.36905229403923e-18
8 8.05246990813091 -5.29081483982664e-18
9 15.9300515852313 1.09351688792734e-17
10 19.3965385940648 8.39275537179029e-18
11 15.5756374436845 9.85579302993529e-18
12 4.91301127201059 -7.5349227544585e-18
13 -10.1703102431951 8.69701666505193e-18
14 -7.83608348606886 1.08595270724316e-17
15 3.30546750950135 -1.36514888387397e-17
16 -11.9810152166241 -5.79296420539057e-18
17 -12.5975114138039 8.35569768034791e-18
18 5.45925755258242 1.6150959540449e-17
19 9.2494801630703 1.6519260053827e-18
20 8.99332026622325 1.50531871942877e-18
21 4.83914244283733 -3.12682212478925e-18
22 -4.39847069845132 7.2150619377516e-18
23 -9.46097335898509 1.27640806543329e-18
24 -9.46418140654066 4.58146003954063e-18
25 -12.59731329505 -3.23679523577443e-18
26 -27.2482661243261 1.04770916967463e-17
27 -45.2091059787776 -3.26962482108843e-17
28 -44.8580548203067 -8.57338514779227e-19
29 -38.7131824169071 -6.71668892741085e-18
30 -37.4125164307972 4.36927828625318e-20
31 -22.486916376246 -1.51458314228936e-17
