-189.934237185364 -4.65018970460243e-17
0 4.08206842194443 9.02028326006759e-18
1 19.1762618022532 -2.79327819668024e-17
2 6.09902283694043 -2.07346606879959e-18
3 -10.3868267877402 8.63070104388982e-18
4 -11.0590761640175 -2.70859960708244e-17
5 2.96472491546918 -1.32555715219772e-17
6 7.93669192594612 8.58305544060676e-18
7 4.65981662157686 -1.21464524636267e-17
8 10.1519312084728 3.64165933804225e-18
9 15.3622247163964 2.90522418857174e-17
10 19.1234163735497 -4.21088312511688e-18
11 17.4040153836018 -8.4046844191308e-18
12 3.76856994886099 -3.38460248507031e-18
13 -15.1879044148677 -2.52528756008083e-18
14 -14.2105786093074 -6.88411910665145e-18
15 0.668449751647035 1.00136235024403e-17
16 -10.7041931474809 4.30737429502493e-17
17 -10.5782638321315 3.35848563586327e-19
18 11.5807764927165 5.96918235145893e-18
19 11.4434475689661 -1.39354566343067e-18
20 10.4010415392369 1.72738252376726e-18
21 7.13869957541366 -8.54585657700651e-18
22 -7.12103385959669 3.29389937363516e-18
23 -13.6400216079516 6.48714299870494e-18
24 -10.6061508398569 7.1396407124065e-18
25 -11.234880254338 3.97201983399117e-18
26 -21.1865864458956 2.16563031206875e-17
27 -33.0791385559306 -3.19072370205169e-17
28 -47.9362287601139 -1.9435029802592e-17
29 -45.8368465969786 -2.51560315005055e-17
30 -48.5860046135536 -1.59265487489858e-17
31 -30.541661778595 1.16947015584243e-18
