-156.590411835904 -4.40414780924871e-18
0 2.85881937202335 1.46680342545633e-17
1 5.72920263644395 -4.27072247353645e-18
2 2.45086919185539 -1.47014038233811e-18
3 -2.80190177709964 1.01336198366347e-17
4 -5.67888048463618 -1.3354886135043e-19
5 -1.06869356465113 -7.83775467962165e-18
6 3.71347958577817 -5.72064876751873e-18
7 5.16356994488109 1.0747789309473e-18
8 6.19955091555631 3.17750292946663e-18
9 13.5725962075405 -5.59677019898279e-18
10 16.4586882753822 -3.41015464564581e-18
11 10.4324882359795 2.16600441828712e-18
12 3.7515059885307 -1.68134275378005e-18
13 -3.96205664282329 6.10626051675625e-18
14 -3.46829612184062 -9.17910193767777e-18
15 0.366665879052304 6.14663575390869e-19
16 -8.81457366140093 7.66945982091406e-18
17 -10.5354852065254 -1.08059522385178e-17
18 0.866281424541611 3.20005518168728e-18
19 6.71960894110029 -2.09146551892874e-18
20 7.49483624368049 3.05662426928555e-18
21 4.42660808243065 -1.16520852132656e-18
22 -1.10107060354982 1.91552971717613e-18
23 -5.38093569872374 -4.28166331577182e-18
24 -8.27446086719633 -2.78603253567728e-19
25 -14.2094240186108 5.15147792000331e-18
26 -27.3263222303345 1.26541781294267e-17
27 -41.4514188659624 -2.02816392333727e-17
28 -38.7936210337325 6.88263679899376e-18
29 -31.8901714396558 -4.70579741758966e-19
30 -27.3766087217066 -3.24113627962911e-18
31 -14.6612618222311 -9.58541305456378e-19
