-206.631172605773 -1.40852508817247e-16
0 3.76347098289187 1.95383678221571e-17
1 19.8859656997167 -5.79122249389277e-17
2 6.48247387504126 7.43109063234092e-18
3 -11.277674978749 1.69951866910655e-17
4 -11.4529813032961 -3.9677846692549e-18
5 3.7194583435432 -9.60655358520571e-18
6 9.78411206954702 3.27265296387486e-18
7 4.96311696765621 1.6097861162568e-18
8 10.0207276761577 -1.33788854018817e-18
9 7.98259176432385 4.43609506857601e-17
10 15.0403181160164 -3.27494701144034e-18
11 17.6094956241242 1.97430674510769e-17
12 3.45582368311068 -3.57950476623352e-17
13 -16.5407183797136 -1.34832116265518e-17
14 -14.0913208502299 -1.05586468523511e-16
15 1.32413037482081 -6.12688576902189e-17
16 -10.7428400693348 -4.61220733552597e-17
17 -10.5809919774313 3.84296024726119e-17
18 13.2994771595365 1.1282761201743e-17
19 11.5659632604206 7.29125960996502e-18
20 10.6593400297294 -6.11684842859693e-18
21 8.08569899480749 1.0965900293391e-17
22 -7.56577023065518 -2.22392735466353e-17
23 -14.5209425934129 8.94016806047312e-18
24 -10.7455819222709 -5.41324639374436e-18
25 -11.0620115644331 -5.86443261031515e-18
26 -21.579555931601 -3.24152450306327e-18
27 -34.2414611082525 -5.10116769224035e-18
28 -48.982063771655 2.45566145181652e-17
29 -47.4463542041497 2.33489749401371e-17
30 -51.204804265767 2.11137079318922e-17
31 -32.2382640762652 -1.34010494306682e-17
