-154.562709582351 4.88701041106888e-17
0 2.21624976077628 1.804356642849e-17
1 5.06999926447167 3.39667270456869e-18
2 2.32816547708523 -2.03201439394333e-18
3 -2.61196265477839 -1.69886574787637e-18
4 -5.44690743567518 -2.59234433507179e-18
5 -1.04443773687051 2.75645696860231e-18
6 3.7079666555893 -3.75203831898133e-18
7 5.18467747088546 4.48909815525045e-18
8 6.19342253875262 3.13409249091985e-18
9 13.5279675430712 2.06949207255539e-17
10 16.2657078225156 9.15642615981899e-19
11 10.0689657378917 3.50078717100202e-18
12 3.64773489666445 6.77724295987967e-18
13 -3.58070536779594 2.96666231167925e-18
14 -3.24641294947487 2.89713502392546e-18
15 0.080133754079792 4.86539254206817e-18
16 -8.52964141783711 -4.90975589268061e-18
17 -10.2193895831287 3.84454137542939e-18
18 0.655748204846319 -7.32182338214511e-18
19 6.5885414086108 9.79558310460138e-20
20 7.40913174561405 4.28033982679172e-19
21 4.39790379555544 -5.49046756410237e-18
22 -0.957430059455319 -3.81981860128141e-18
23 -5.1987627239538 7.71505842790792e-19
24 -8.22504549730952 4.51362681768135e-18
25 -14.2341915012085 -3.9844782769237e-18
26 -27.0449614085946 -7.28469510462379e-18
27 -40.7631637804119 -7.18192177369027e-18
28 -38.2593721218764 1.02549573063289e-17
29 -31.4559953804644 1.77643984862908e-18
30 -26.809024619076 4.41890029974675e-18
31 -14.2776214208502 -1.60530390024425e-18
