-273.497063935762 -3.41234281409289e-16
0 5.80346823498187 5.70550099497866e-17
1 41.1463573350842 -3.60073705877803e-17
2 12.5235417178363 2.03468607703113e-17
3 -30.3549013401233 6.79885112329453e-18
4 -10.2355805336819 2.55812420400271e-17
5 62.8238660708002 -3.41636622059235e-17
6 28.658225582381 3.65364838354985e-17
7 -8.93885323806532 1.42231513748416e-16
8 -16.3082868412677 -7.38906368094132e-17
9 -25.8537684835166 -6.19090734261853e-17
10 1.12374964021947 9.01446343785917e-17
11 40.1950167035149 -1.25701948127064e-16
12 31.0062406849801 5.52022665498257e-17
13 -29.4445398207689 -3.80577550087672e-17
14 -9.92122538911864 -1.28488121834899e-16
15 -19.5954704963745 -9.80751215194179e-17
16 -10.3384756992064 8.63589617929965e-17
17 -0.179158306870185 1.46164005378202e-17
18 33.6092800251023 2.76454613324858e-17
19 13.249206994466 -4.28903603171687e-17
20 -0.289816325903592 4.88424608375247e-17
21 19.4841971255602 -1.34201641408445e-16
22 -14.79846692149 -1.29720272428839e-16
23 -51.3665548888631 -1.13482086141342e-16
24 -23.9319390231722 1.27405049039677e-17
25 21.043371463451 3.08828212568917e-18
26 -7.55422662110392 -5.98208548668877e-17
27 -55.5747845491399 1.02025965529728e-16
28 -74.0370558283078 -7.78694329069823e-17
29 -61.2540437085796 5.03436855643751e-17
30 -85.6833562331834 5.80437797435481e-17
31 -48.5030812654031 -2.45583085840597e-17
