-219.447039645396 6.87047834689673e-18
0 3.35627025553141 -7.78635036763515e-18
1 20.7046218714417 -6.29223365893382e-17
2 7.04159952204092 1.09586828668196e-17
3 -12.5787016733672 -1.8618084171485e-17
4 -11.9693076606785 3.51822193249967e-18
5 4.65266811551956 1.18595906388232e-17
6 11.7084696031413 1.52964268223075e-17
7 4.76780078737592 2.28650897224983e-17
8 9.81918782995842 1.38298422136959e-17
9 3.2695264217494 -5.04768814953308e-17
10 12.9783092121395 7.48706539293864e-17
11 18.0321428857608 -2.18336859370583e-17
12 3.28621052835665 2.59806180746575e-18
13 -19.0737363187224 -2.2413338817296e-17
14 -13.3096587110598 -4.37575808829993e-17
15 2.90137494993628 2.79887920204396e-18
16 -9.8942623133437 2.05820359388125e-17
17 -9.0753831831834 5.53776023699074e-18
18 16.1593051900662 -2.02800863396361e-17
19 11.225694310578 -1.99320969704725e-18
20 10.9878821231158 -4.36786656467459e-19
21 9.74890082912487 -2.54398581239146e-17
22 -8.14800656131681 3.4052842061991e-18
23 -15.827516222764 2.18087514046736e-17
24 -10.8581443116272 5.82956308731985e-18
25 -10.8323264137879 -8.27282962367487e-18
26 -22.3508372907874 1.75118414958512e-17
27 -36.1847214414406 6.40904656096809e-17
28 -50.6219590306237 -8.39691995044774e-19
29 -49.7728249752422 2.46543056514152e-18
30 -55.0481487258776 -2.13438185492296e-18
31 -34.54146924741 -5.75100078146201e-18
