-176.513430892889 4.05613505844644e-17
0 5.88055832766324 2.19366710262287e-17
1 10.7355535294319 3.25041834900944e-18
2 3.40107436479571 7.90020571296192e-18
3 -4.5555142505072 6.7632051534309e-18
4 -7.48146124908483 3.88131672255602e-18
5 -0.94361681972985 -1.58112816820803e-19
6 3.86836719178862 8.32245163716817e-19
7 5.10122167307923 -2.54635309301384e-18
8 6.70589565642506 2.5571218816818e-18
9 14.2384913832813 -8.06087727514422e-18
10 17.9136857779463 -4.54214359357224e-18
11 13.399335310797 -2.39837379015055e-18
12 4.58334276502866 8.4063784850253e-18
13 -7.1908187839569 -2.82344315751427e-20
14 -5.46172649441776 4.01648906372201e-18
15 2.52535154351404 1.63900169432918e-17
16 -11.2586314146904 -1.19812810389121e-18
17 -12.6866327337914 -2.5566030740016e-17
18 2.98791993188844 -3.73322712894439e-18
19 7.92206529380504 7.77265666832121e-18
20 8.22577328564215 -4.06349939229463e-18
21 4.56454895014778 -4.87361582026444e-19
22 -2.63899214966356 -3.00583758548976e-18
23 -7.24420070735945 -1.00218114875971e-18
24 -8.78087759656692 3.74370916166666e-18
25 -13.7073640855768 -3.91682152026177e-19
26 -29.6003988239685 -3.21216069422512e-18
27 -47.7304629340451 1.70411029354146e-17
28 -43.1765699707367 1.51604780342732e-17
29 -35.4338067481759 -4.91804975695581e-18
30 -32.2406580863703 -3.70704851691831e-18
31 -18.4348830294821 -1.00713629150115e-17
