-365.78553056189 1.43011235810795e-15
0 -34.590576756148 -6.29758831888205e-16
1 3.19125228096425 -1.59352421304678e-15
2 -20.7895172828901 1.15601249637646e-15
3 -32.5938260444335 3.27682036597536e-16
4 7.64765849118637 -2.78170137387364e-15
5 54.0330739066953 1.33757118517726e-15
6 17.8740859050743 -1.08467199342691e-15
7 -49.622045050033 3.38993879263801e-16
8 -73.4011162155997 1.83338587367299e-16
9 22.4839264109721 -6.67570382653637e-16
10 -81.8278265368489 1.28044276570538e-16
11 62.4156452186023 1.6918252100188e-15
12 76.6134751245642 -1.7245545631007e-15
13 -1.89520241376116 2.66261983526231e-16
14 -59.9559445219495 1.23667713800938e-15
15 -4.808229995579 1.60615516835623e-15
16 0.106576611066309 -1.72859773370226e-15
17 24.9287207828229 1.14086980603408e-15
18 26.4862219947996 8.89371042089859e-16
19 87.6829738688881 -1.47966491489959e-15
20 -17.2868529510346 4.58906639540698e-16
21 -64.414672777252 -1.58438077472548e-15
22 23.2702190160606 -1.12189626801558e-15
23 -34.4864120808578 4.67254996268836e-16
24 -52.2460727920337 -9.94900053545115e-16
25 -8.61091691475648 1.4870555597087e-15
26 -23.5585535571631 7.61254485374489e-16
27 -51.1483011929924 4.95263552391378e-16
28 -42.8073347817687 1.19858550168272e-15
29 -25.349440488828 3.21465944141952e-16
30 -43.4506647387278 9.20415364295361e-16
31 -49.6758530809291 4.08328608194249e-16
