-287.508450872667 -8.24595609170165e-16
0 -2.11289601799117 -7.53627800717411e-17
1 19.0139786704171 -1.87386275477911e-17
2 11.1922255620488 -1.74988536573266e-17
3 -20.144120318909 -1.16943486280297e-17
4 -10.1767363583707 -2.00040947709891e-17
5 39.8959385578524 -7.56801350826457e-17
6 19.8816285248138 -6.50238959175551e-17
7 -7.2627540709081 -4.49463916244708e-18
8 -3.3016490359031 -5.41287934613388e-17
9 -14.6478706097306 -6.95377344934733e-17
10 9.55672268539668 -1.20727605972155e-17
11 25.8291764149638 -7.15920717348807e-17
12 8.88408486222181 -2.94677115463456e-17
13 -37.4743732973353 -2.79379700436043e-17
14 -16.6428459277129 2.9951085014912e-18
15 -3.48839766953603 -8.04620595863699e-17
16 -0.0271745158674996 -1.23051864379421e-16
17 20.7317588139116 3.58549046572748e-18
18 28.6805161706763 -9.3266797822171e-17
19 5.97690627358248 6.48940175323095e-17
20 8.33875536056902 -2.94883226813955e-17
21 24.5888382908045 5.87099711565637e-18
22 -6.32053148586299 -1.26868594839749e-17
23 -35.4121152671499 1.13656010239845e-16
24 -13.5040151732336 -6.32784433575798e-17
25 -9.137797040663 2.81841742869396e-17
26 -25.317106488873 -8.3569682297688e-18
27 -57.0455343297111 1.88318011719891e-17
28 -67.9123026939854 2.33329342536985e-18
29 -60.681061234849 -1.36146429055341e-17
30 -75.8286416119994 -1.98722399755331e-17
31 -43.6410579113328 -6.76338867723614e-17
