-162.295571518854 -6.16454123632027e-17
0 4.27269826425903 -2.42009665594368e-17
1 7.41552546060442 -4.45511095824187e-18
2 2.75740772058154 9.64117605692474e-19
3 -3.31879249730583 5.87943215208944e-18
4 -6.26991289754828 2.46338356885232e-18
5 -1.0953160783085 1.7498288968695e-19
6 3.73944566239967 1.30499542740313e-18
7 5.12490740907503 3.12219873661882e-18
8 6.26455513329017 3.92737413906297e-18
9 13.7102006762055 -1.68913898619874e-17
10 16.9385226202245 -1.21113358893551e-17
11 11.3914442663986 -9.01705394695618e-18
12 4.03003703366959 -4.88314494092105e-19
13 -4.96856624950587 8.49461108369763e-18
14 -4.06610792208703 -1.27047883480251e-18
15 1.10229287838942 -7.75599835369188e-18
16 -9.61532091743424 1.64765907691091e-17
17 -11.3467672782528 1.88496594499603e-18
18 1.46429903961234 -6.53803556161914e-19
19 7.07514812657308 2.77272705979748e-18
20 7.71875527795226 2.25314293273591e-18
21 4.48289737931244 -4.34983182150605e-18
22 -1.52218354101349 -3.67769353134003e-18
23 -5.8989649565319 4.30246856253875e-18
24 -8.41210431250084 -3.83857685175915e-18
25 -14.1053219246462 -1.50394229088948e-18
26 -28.0367944522649 3.05057592464656e-18
27 -43.2880586880829 -8.04180138731127e-18
28 -40.185047437252 -1.27655629619906e-17
29 -33.0205935241218 1.11667176879694e-19
30 -28.8741691430319 -1.10813085324544e-18
31 -15.7596866475135 -6.69865418424223e-18
