-168.96333817367 1.6320754353334e-16
0 4.75277141018351 7.0798366570264e-18
1 17.6023493296873 5.43055939425584e-17
2 5.40303056571079 -4.47388685523934e-18
3 -8.8068493626096 6.05640909850639e-18
4 -10.2865864037946 -9.81453546679611e-18
5 1.54821325447506 4.17379014063503e-18
6 5.78240183931617 4.37697216885766e-18
7 4.68320973959603 8.55538569766315e-19
8 9.95405941190919 -1.37654853562243e-17
9 20.6767484273814 -1.58916792259905e-17
10 22.5589699487117 2.59705948514483e-17
11 17.0232321215598 8.25313610765122e-18
12 4.41877715270163 1.8293511734009e-17
13 -13.1925805147906 -9.72118537740079e-18
14 -12.0358633102169 8.70114595066982e-19
15 1.54918615804504 2.35466689007223e-17
16 -11.2303596387491 -1.7661907499673e-17
17 -11.2198715656498 2.43003870516207e-17
18 8.84432764660297 -1.15415297671292e-18
19 10.7623309096885 -4.96544830896258e-18
20 9.87659346230013 -2.36251606205012e-18
21 5.85942421901906 2.52546402527817e-18
22 -6.1869483912781 -5.52816053025519e-18
23 -12.0293842131561 -3.45487092665295e-18
24 -10.2384241514583 -4.40810062966926e-18
25 -11.6229287484902 1.12649735098507e-17
26 -20.987955710277 8.53308049671876e-18
27 -31.8942290242412 4.65831416228817e-17
28 -46.2283916974213 -9.24434112113609e-18
29 -42.9542766856905 -6.54135310732921e-18
30 -43.9881084887392 1.45182329485374e-17
31 -27.3562058639959 1.06877205562969e-17
