-159.901103795148 -1.57174286668725e-17
0 3.74733146243477 2.25103593827961e-17
1 6.73761289905422 -1.38917550281843e-17
2 2.63455430668086 -3.63267725949741e-18
3 -3.10459004944468 4.28072805022589e-18
4 -6.03179879387688 3.38093200896554e-18
5 -1.09109983117898 4.2330648004231e-18
6 3.72675116477763 -5.03340505646001e-18
7 5.13787898399807 -1.06712034138254e-18
8 6.22894370650987 -1.11323069744869e-19
9 13.6493260561571 -2.93001754879866e-17
10 16.7469905892597 1.18607553091257e-18
11 11.0005166230135 -3.62851268084008e-18
12 3.91617593599466 7.40485025749577e-18
13 -4.55704588375258 1.7995126731819e-18
14 -3.81963630109843 -5.99360513477143e-18
15 0.805696139426461 -7.93938098677243e-18
16 -9.28225346370795 1.44548819426906e-17
17 -11.0217346395028 -7.08246598846683e-18
18 1.21247308085542 7.97545047310968e-18
19 6.9279987843449 -3.11637538510645e-18
20 7.62734817792962 1.06704975530361e-18
21 4.46278784746473 -9.36465509268567e-19
22 -1.34288713331209 -6.97376342690253e-18
23 -5.68050269603512 1.97446909308924e-18
24 -8.35424987779186 2.70623497343802e-18
25 -14.1543279048973 -3.8846342682661e-18
26 -27.7513282894715 1.05975821334932e-17
27 -42.5323704599597 1.24498667239411e-17
28 -39.618851551331 -6.22216285837221e-18
29 -32.5610193607081 -1.21560521703622e-17
30 -28.2617553091469 2.11200606789966e-18
31 -15.2980380078336 -2.880617881454e-18
