-147.635006765464 -4.82916423705331e-18
0 -0.461761389420565 -1.68363591901955e-17
1 2.64485954790934 -1.06360515465144e-17
2 1.83194809192087 -5.34866013151624e-19
3 -1.93977817377017 -1.17363473449977e-18
4 -4.55180615792256 4.19755117945749e-18
5 -0.890767600369559 2.29891800492711e-18
6 3.70600874703871 5.1700067657245e-18
7 5.29439139217351 -2.1287702616474e-18
8 6.24290263770147 2.65237779520843e-18
9 13.3656765986906 -1.65408241009425e-17
10 15.4929961192058 -1.36437243700565e-17
11 8.76668970271889 -6.4600379443928e-19
12 3.30031593396073 5.44822179585807e-18
13 -2.1834093543576 4.77384239768577e-18
14 -2.46182231957641 -3.79756633989625e-18
15 -0.997082967448927 2.54911036172235e-18
16 -7.63494915745751 3.86038795015094e-18
17 -9.07944539822718 7.06213719773265e-20
18 -0.0385104667799883 -3.29121710263552e-18
19 6.12234369594958 -2.4288669762517e-19
20 7.0822700349639 1.13438887461032e-18
21 4.24306498327135 -1.94641112671144e-18
22 -0.512544245858881 3.17143252667798e-18
23 -4.5922860732951 3.86377608193996e-18
24 -8.04595152674115 3.40129609273911e-18
25 -14.2449636049648 4.93467277854568e-19
26 -25.9434216093159 -1.90561237308536e-18
27 -38.2442098410456 1.63087370733949e-18
28 -36.2447607889433 2.60001968883029e-17
29 -29.8295236315193 -3.18046754478202e-18
30 -24.731452490406 -2.66298335356885e-18
31 -13.1000274535481 3.62174524052191e-18
