-401.868176364046 -1.17355172527094e-14
0 -33.5149853521511 -8.89497532343312e-17
1 12.2774000280469 -3.6599051335869e-16
2 -37.0347069326222 3.34711280682483e-16
3 -32.9942528940113 2.61039743062093e-16
4 35.1197806031933 -1.81873107430823e-15
5 63.1310287156343 -2.96926834971363e-16
6 35.1126896418423 -3.13695828572474e-17
7 -36.3412787867373 -3.81946355330435e-16
8 -62.6606999613516 -1.08962318334793e-16
9 8.71021397046962 -2.69315819645399e-16
10 -59.5336102974263 -7.46943016697681e-16
11 52.1142452709369 -8.23903300907943e-16
12 77.7804099570507 2.00577401909817e-17
13 -1.94005303919706 -5.11508514942453e-16
14 -42.7505934296344 -4.5888856950449e-16
15 -16.3654976674891 -1.24115850698899e-15
16 -10.7667668791337 -9.07477218370367e-17
17 22.4851538018103 -5.38197958421804e-16
18 44.4861033622332 3.61400724160027e-20
19 90.2774410635965 4.25097601795358e-16
20 1.6536214727474 -5.76379944929502e-16
21 -43.0311084469131 3.96492734477949e-16
22 11.6178661242144 -3.0122750358889e-17
23 -68.4792861584978 -1.80016411210441e-15
24 -68.1638799350861 1.0046940131699e-16
25 16.8078944914054 -3.74912593736435e-16
26 0.686475183098638 -4.20453602489878e-16
27 -86.7918533348187 -7.39434916653218e-16
28 -66.5379795250175 -5.28982239955678e-16
29 -68.0312613957477 4.6645991467568e-16
30 -63.3511275444923 -7.33589259939901e-16
31 -75.8395584699982 -7.62302547474558e-16
