-214.422909971009 -7.90106068684306e-17
0 3.55851059649482 -2.0215958886921e-17
1 20.3168653058963 -3.20216570544752e-17
2 6.75422724520742 -9.76426053207262e-18
3 -11.9118867243694 1.21145210861672e-17
4 -11.713163763398 2.76985420638471e-17
5 4.19738199356962 -8.48712895933021e-18
6 11.0967492090565 -6.50951878572823e-18
7 5.14731348653288 -1.44774871344705e-17
8 9.92717609214487 5.27990929063074e-18
9 4.95716540892996 1.32678534997124e-17
10 13.6118719670829 3.01538788197005e-17
11 17.7981027104996 1.00789156254578e-17
12 3.31844490391236 1.16947015584244e-18
13 -17.682567708562 -9.48472201295896e-18
14 -13.682871925263 8.39826108594745e-18
15 2.09706948292696 -4.69240723841516e-17
16 -10.7602527709313 -1.1138483256394e-18
17 -10.5818546972206 9.66746937132909e-18
18 14.6310734482446 3.52885219598772e-17
19 11.4880620558407 -9.40997135536378e-18
20 10.8262803488116 -1.95990718500436e-17
21 8.85684417398255 -7.83646648368106e-19
22 -7.85695221753938 1.55854062294791e-18
23 -15.1503739549531 -9.19383678165605e-18
24 -10.8142619997096 -1.83158169349534e-17
25 -10.9491645385211 -4.28641022958039e-18
26 -21.9311402176853 1.8716040002531e-17
27 -35.1602524297885 1.3677252757552e-17
28 -49.7623667014278 -5.93389637059789e-17
29 -48.5840249571809 7.50682949504124e-18
30 -53.0759953920068 5.97835854172085e-18
31 -33.3889184015854 -9.6385996650435e-18
