-151.764774036597 -2.17770604610454e-17
0 1.21070913792962 -2.57805065408687e-18
1 4.11379394843654 -1.29588982322014e-18
2 2.14310516587852 5.9632001812689e-20
3 -2.34396256478044 5.21507597712632e-18
4 -5.10466424385323 5.85499172225721e-18
5 -0.996242296205135 -6.59891605470303e-18
6 3.70391760957161 -5.45999202452095e-18
7 5.22166729585165 -2.0086239320353e-18
8 6.20036550539871 5.17452427477652e-18
9 13.4662365539507 -2.9893204430183e-18
10 15.9754984554032 -1.29706155213051e-17
11 9.55046451592614 4.99968255724744e-18
12 3.50370947145727 -3.80670723711872e-19
13 -3.03232453411741 -5.05159861830624e-18
14 -2.93255117938938 2.16127515099829e-18
15 -0.337770405734812 -5.79956400377126e-18
16 -8.14764489635443 -1.33690033508304e-18
17 -9.76577383845649 -9.89486242462739e-18
18 0.368778639331923 1.68976014369339e-18
19 6.40316395372621 5.17826533696023e-18
20 7.28389106764681 -2.23410233794242e-18
21 4.34741518014297 3.83734159537773e-18
22 -0.767168425769079 -2.5753507365675e-18
23 -4.94970888874722 1.9898568582977e-18
24 -8.15517618271003 1.08750427749082e-18
25 -14.2541629185766 -8.72690986948211e-19
26 -26.6266252902274 -1.01091264672433e-17
27 -39.7761950448347 9.69115100081274e-18
28 -37.4813648301119 -4.60425934303756e-18
29 -30.8251287274553 -3.47459973571608e-18
30 -25.9926716403297 7.9492983308632e-18
31 -13.7683546295955 3.56971447708484e-18
