-167.5334225939 -4.62357478237592e-17
0 5.12700226433919 -9.30521279096013e-18
1 8.76538692855108 -1.53054089008524e-17
2 3.00680592604862 -1.52383433026015e-18
3 -3.77888817912751 -5.71895470162422e-18
4 -6.75140720119499 -5.14445460514899e-18
5 -1.07311738143175 3.31221646111953e-18
6 3.77600375139404 -4.19380129401392e-18
7 5.10856386632778 1.23058005368289e-18
8 6.38258509514069 -2.83424282759183e-18
9 13.8670336375762 -1.32681711370676e-17
10 17.3219326069309 9.26537577265957e-18
11 12.1920358851704 3.85181174155999e-18
12 4.2603538956169 1.65164366106695e-18
13 -5.82571251697796 -5.88066740847086e-18
14 -4.58924395951455 8.97106711652817e-18
15 1.69461507512076 -1.08616446547998e-17
16 -10.3048102199481 -3.01974304304052e-17
17 -11.9677413709021 -1.30493454691004e-17
18 2.02019427490416 -3.22860725061764e-18
19 7.39050842968407 -1.05407426934285e-17
20 7.91043325965556 4.76194864338474e-18
21 4.51629819848639 -6.41980387939822e-19
22 -1.92507102945523 1.55352901134332e-18
23 -6.38445742677272 6.31258362549161e-18
24 -8.5418434860001 1.97612786594428e-18
25 -13.9773263811094 9.04510309007412e-18
26 -28.6179566255518 -9.7761719328921e-21
27 -44.8989960494379 1.40777228764059e-17
28 -41.3551071163623 -9.38794849873537e-20
29 -33.9660453135664 -5.04379885658361e-18
30 -30.1547215584864 9.26258762254152e-18
31 -16.7607298730074 1.53339080302235e-17
