-167.74156249248 -6.45302521745032e-17
0 5.29550483659756 -2.42504474007722e-17
1 16.1956975164527 1.97794898678088e-17
2 4.88450679141985 5.62011654459149e-18
3 -7.66859418949941 8.93478587195416e-19
4 -9.66783858692838 1.77615750431333e-18
5 0.624505959622602 -1.02250993949382e-18
6 4.89989661804734 -7.44570195068105e-18
7 4.87448128881218 5.44917470792373e-18
8 9.09520708513776 -3.58760804809559e-18
9 17.7555381333121 -4.02397118808944e-18
10 20.6297137484689 -1.11408831830779e-17
11 16.4497598212004 -1.13436769878664e-17
12 4.76764622688924 -1.22593901899272e-18
13 -11.7762803144267 -5.47705620910418e-18
14 -9.78164942126675 2.58625981506734e-17
15 2.70636583860507 6.67130207865381e-18
16 -11.686722275465 1.22034154293295e-17
17 -11.8948454734103 -2.55830772780795e-17
18 7.10309318473155 -1.532084960562e-17
19 10.0594729250348 4.28888074234321e-18
20 9.4562366910335 -8.6830759144617e-18
21 5.24278775519803 1.13306891493418e-17
22 -5.3739355804095 -3.41890731943411e-18
23 -10.8025996849075 -1.66247862418391e-18
24 -9.88670214635651 -1.22840953175555e-18
25 -12.0086451176885 -5.14734863438545e-18
26 -21.9154954396764 4.57759192241484e-17
27 -33.5009702179603 -8.04276488728877e-17
28 -45.2316460827108 1.93801138331784e-17
29 -40.8667971108565 8.28138818574609e-18
30 -40.7362256449927 -2.03711423814659e-17
31 -24.9830296264887 -4.82244091303451e-19
