-164.8406758251 8.71111623431977e-18
0 4.73436721086323 -2.34846943234149e-17
1 8.09265914783681 2.4596566238844e-17
2 2.88126116150376 -4.28739843468552e-18
3 -3.54340814967334 3.79396644987042e-18
4 -6.50989980167431 9.48574551110356e-18
5 -1.08971530887845 -3.29296410808923e-18
6 3.75569606419273 -8.00375549076376e-18
7 5.11521437986791 -2.51321734058245e-18
8 6.3151295136408 -2.76722134564033e-18
9 13.7818071001577 -3.46124132027709e-18
10 17.1299380258207 9.48385733349198e-18
11 11.7894709398535 -3.42370717280188e-18
12 4.14535141810493 -2.31663511074052e-19
13 -5.39157904949912 -1.72286501471525e-18
14 -4.32251058489744 -5.82176332559721e-18
15 1.39954924042549 -4.94561362078106e-18
16 -9.95875096323333 1.1252656239076e-17
17 -11.6648429944878 1.50090003088726e-17
18 1.73343946899851 -2.04943150892125e-18
19 7.22920716528883 -9.51486226866543e-18
20 7.81299751239207 4.1358854162454e-18
21 4.50047149316734 5.42524602716379e-19
22 -1.71621695892464 -3.35234464699571e-18
23 -6.1333654316979 -3.11874001875087e-18
24 -8.47442305027079 -3.16945611646772e-18
25 -14.0463450637017 4.27857517481828e-19
26 -28.3249317382884 -5.18031233324944e-19
27 -44.0752142384218 1.31159522578382e-18
28 -40.7639675602324 6.7621816552863e-18
29 -33.489242484941 4.37781920180491e-18
30 -29.5048356515413 -2.4308080934225e-18
31 -16.2479866368504 5.64123942871364e-18
