-257.053950911282 -4.95643164323906e-16
0 1.23541271824048 -7.12831870534487e-17
1 21.194720323637 6.51424805301706e-18
2 9.61840164174028 -2.73224594352662e-17
3 -17.4327737140181 -4.77204245267286e-18
4 -12.4310746691979 -4.27441059616095e-18
5 13.8364827190425 -2.05608777616509e-17
6 8.90140954833779 -1.23168754926142e-16
7 -6.85760968628074 -6.30768495161332e-17
8 5.72874922890163 -4.47207985161853e-17
9 0.965669358827618 -5.07045215999054e-17
10 12.9665654725961 -1.59668534000593e-17
11 21.3748312076018 3.57456374070787e-17
12 3.65662363482065 6.09954072204137e-17
13 -36.4362285647905 1.27567961709865e-16
14 -17.5690125349275 -2.72171450054909e-17
15 2.28997883729688 -4.21175839249571e-17
16 -1.36210024949206 -3.39781619904748e-17
17 24.3728444061537 -9.0993926080372e-17
18 27.6710501197151 -7.71613133630777e-17
19 5.81300779674696 -4.11789302472414e-17
20 11.3550465308421 2.37748031078495e-17
21 17.4334567503006 -1.84108257972037e-17
22 -9.26351700441238 2.70183746072019e-17
23 -24.0171608279506 -3.12141523114261e-17
24 -9.31509532925612 1.18347443390371e-17
25 -9.10074488650734 -1.17260417774728e-17
26 -26.1828297444745 4.26311682353091e-18
27 -46.7596291826032 1.27880799211719e-18
28 -59.7394983490867 5.75229250670657e-17
29 -58.215852069983 4.76659320737885e-17
30 -69.670944480734 -2.79954271118598e-17
31 -41.114129912369 -7.19808598576704e-17
