-228.299097188902 -1.49279410204723e-16
0 2.54882720375866 -1.3197902695485e-17
1 21.5609371747348 -3.15655651054182e-17
2 8.23297368098728 -2.27061298727303e-18
3 -15.1317221710528 -1.75150884554823e-17
4 -12.8955816618838 2.67607354190787e-17
5 6.08313910328171 -5.98400542803588e-18
6 5.7279065732901 2.96663407724767e-17
7 -3.04551702151129 -8.04356603928472e-18
8 9.48204979299189 -2.83261934777626e-17
9 3.51280371257618 3.10207464551364e-17
10 13.409143264487 -2.30795302303115e-17
11 19.2742457283347 1.12049753427535e-17
12 4.11514170750422 -1.83275342240571e-17
13 -26.8352639224305 -7.04307895641951e-18
14 -14.4683133548823 4.88427431818406e-18
15 3.92771722052443 -1.02789283387362e-16
16 -2.19145326495034 -3.7843314500954e-17
17 16.1265393934758 -7.14403116651644e-17
18 22.5581408516107 4.41592862582346e-17
19 8.42244638789495 5.44594539481232e-18
20 11.4874599910187 -6.24912674052648e-18
21 13.6946270393623 1.99250383625786e-17
22 -9.19827867793806 -1.2005280305751e-18
23 -18.9399870330427 7.11394737967312e-18
24 -10.6661820931789 6.31434827746506e-18
25 -10.2266561057706 -8.68787576782949e-18
26 -24.2982316779548 3.51095156636907e-18
27 -40.7135911232097 -4.089192725028e-18
28 -54.523987216622 2.23891277922204e-17
29 -54.2770934827936 3.53684959873137e-17
30 -62.6756449364459 -9.0563350998851e-18
31 -38.3756922710679 -3.34578014165458e-19
