-170.370846574236 2.19824019821206e-17
0 5.44828295440897 -1.42179774152554e-18
1 9.43106320380761 -8.99972506457691e-19
2 3.13478674877521 -1.03063086787562e-17
3 -4.02571609798981 -2.47227741479849e-18
4 -6.99407536483684 4.12914444570684e-18
5 -1.0442209418496 4.58484817132965e-18
6 3.80098979676972 5.23581063781432e-18
7 5.10451183504382 4.69596830609757e-18
8 6.46888395651272 -6.28163162987736e-19
9 13.9691030256199 3.84440902653139e-18
10 17.5155438217622 1.53290375907768e-17
11 12.5964169195938 -2.51113505125378e-18
12 4.37310756065093 1.40833344696815e-18
13 -6.27057109870182 -9.50759190253483e-18
14 -4.86707355035127 -9.08421660106556e-18
15 1.98383762082019 -3.7930841238837e-18
16 -10.64406568197 -6.07216744062927e-18
17 -12.2459379757445 2.08967263252372e-17
18 2.32476540091467 3.82894185198413e-18
19 7.55943950899753 -1.50648338973124e-18
20 8.01144302937523 -8.25557132737459e-19
21 4.53138005176468 3.67682885187305e-19
22 -2.14867699768561 8.68364060309321e-18
23 -6.65292497906436 4.96982464585673e-18
24 -8.61499412653113 -2.7314694966583e-18
25 -13.8981645576759 3.10931677721266e-18
26 -28.9204978842748 -3.96452006310402e-18
27 -45.7686015169635 -1.70798899857909e-17
28 -41.9571189693687 2.02745806254789e-17
29 -34.4498703027428 -2.93539267870978e-18
30 -30.8254912028521 2.60462631280697e-18
31 -17.2964007604507 -6.24046229933685e-18
