-178.162986658938 -1.92963903614612e-16
0 4.30230940344078 -1.45436968765142e-17
1 18.6703944539853 -3.15251898682658e-17
2 5.85728983925224 3.93792675786418e-18
3 -9.83160391445167 -8.65978250841221e-18
4 -10.7979788703605 2.10861793611064e-18
5 2.46485855458796 -9.29124557059029e-18
6 7.01993075084814 -1.75372877773082e-18
7 4.59907243328689 4.17608418820051e-18
8 10.206314947719 1.00458460474755e-17
9 20.1457974306513 -3.92821411340233e-17
10 22.0860039701629 -5.16810094159318e-17
11 17.2992607759214 -1.26649777995042e-17
12 3.99962039782419 -4.66206934168767e-18
13 -14.4529824931384 1.11390479450256e-17
14 -13.765361323488 -7.16378115140309e-19
15 0.70752182585154 -1.88033549821772e-17
16 -10.8313867713737 -3.27275531368933e-17
17 -10.7381058879483 5.16395400945557e-18
18 10.5767057418712 -4.69044494542069e-18
19 11.2589813151929 -2.83141938443432e-18
20 10.2259136385913 4.28485733584375e-18
21 6.63101943592867 7.97241527171535e-18
22 -6.81645070659183 8.9959134163143e-18
23 -13.0840543594418 4.7364317758487e-18
24 -10.4941829333367 5.4054819250612e-19
25 -11.3567282959617 -7.55819851398826e-18
26 -21.0222565555576 -4.06170385891164e-18
27 -32.4779262888936 3.87606864758699e-17
28 -47.3119332983915 -1.40279243977153e-17
29 -44.8274549522991 -7.23507309113048e-18
30 -46.9618406092301 -2.91006639358687e-17
31 -29.4437343135889 9.90322687498152e-19
