-297.405217774856 1.03034548835847e-15
0 -1.84293323813598 -2.18082749486406e-18
1 22.4956782617051 4.38565425656702e-17
2 12.726471580944 3.21985457682936e-18
3 -22.7453668797117 3.42773057930134e-17
4 -9.90350075838805 -1.60439333982595e-17
5 49.5073529190965 1.03152378177418e-16
6 25.0581350429416 -9.50568607840351e-17
7 -7.44293912804877 1.35259867903882e-17
8 -7.94209465196642 4.62344463929287e-17
9 -20.7664513090954 -1.85104933406643e-18
10 5.96207562919093 -1.80521920473363e-16
11 30.071086878258 3.43042696751677e-17
12 18.2203843284521 1.48225118883188e-16
13 -34.6714853619859 1.19997463571622e-16
14 -14.9058240815326 -2.25604402058025e-17
15 -6.29520945884008 8.2524725985092e-17
16 -3.20453296771212 1.21028585012746e-16
17 14.1384347423485 1.63234542708534e-16
18 29.4689155058405 2.38509796042392e-16
19 7.31356533695573 -6.72928148389337e-17
20 4.61657267459051 9.80355933152127e-17
21 27.2153388558799 6.57805786837691e-18
22 -6.85111175832592 5.62047300429012e-17
23 -43.7422622432257 1.49139914466222e-17
24 -21.1317309332593 6.48179257392145e-17
25 -6.48198471341969 -3.44796054952493e-17
26 -19.8408096378709 4.40310313528045e-17
27 -59.5204034420421 5.35336116437348e-17
28 -72.8941196665773 -5.25245836453181e-17
29 -60.2305252378675 1.26140146505111e-17
30 -78.3903128535781 -2.25711692898011e-17
31 -45.395631209476 2.2608721083796e-17
