-294.020810755163 -5.30508010991479e-16
0 -0.156760485329723 -4.67717476258037e-17
1 26.2301149800079 2.18270508456382e-17
2 13.3762471069641 -1.08033970224602e-16
3 -24.1108285297374 1.77425168018201e-18
4 -9.93018884494096 1.685200282994e-17
5 52.6405802791981 2.40348422226565e-17
6 26.4949388159062 2.91452743377575e-17
7 -7.64807998712904 2.69571058906839e-17
8 -9.7137394821899 1.60089227031063e-18
9 -22.5597598193474 -1.26325364376243e-16
10 4.45154814305108 -8.28240109597885e-17
11 32.0497496416968 8.71176209694205e-17
12 21.8627500745878 3.16496684184726e-17
13 -33.6266420239531 -1.87936282204995e-16
14 -13.9123173457475 8.40691493922523e-17
15 -7.80261922119062 4.86422787176572e-18
16 -5.22837453262808 -6.51029523259655e-17
17 10.7061715819546 3.15575112338114e-16
18 29.9577911850794 5.03826667264686e-17
19 8.17776900188118 -9.97217535688803e-17
20 3.14336202654116 -6.6181507612136e-18
21 26.4068703355337 -1.84715298250903e-16
22 -8.29565138015786 -4.16514334596515e-17
23 -46.4261312034903 -8.29725240698737e-18
24 -22.8780565029262 -1.19353718531709e-16
25 -1.77373370408146 -4.46233897272511e-17
26 -16.7844273142273 -3.44177720900997e-17
27 -59.0494297359517 7.48439723915478e-17
28 -74.1845177245368 -1.08949330496269e-16
29 -59.881509481952 2.27366230588314e-17
30 -79.4050200142535 -3.68837673438727e-17
31 -46.1509165937941 -2.17122778812852e-17
