-293.063747984665 -2.05104793012893e-16
0 -2.66755211851349 3.41503920230831e-17
1 19.1265546770558 -2.66157516129404e-17
2 11.5708194509361 8.7289568657713e-18
3 -20.8248789148292 4.74027871715082e-18
4 -10.0212276446853 1.57679418296124e-17
5 43.217219476807 1.12886621979422e-16
6 21.6951776206377 -8.90513971880023e-18
7 -7.27057470857981 1.81428810415556e-17
8 -4.78385383168201 -1.41957075073506e-17
9 -16.8050597053395 1.44917455224159e-17
10 8.55040471937596 -3.93827968825887e-17
11 27.0140739144372 -1.62263278262349e-17
12 11.4377147343018 -1.00417026446418e-16
13 -36.7328461648253 -5.70391986681046e-17
14 -16.1912073946796 1.74850187858548e-17
15 -4.41422333754446 -9.60086434724332e-17
16 -0.570727767323518 2.82030913560949e-17
17 19.3116227293943 7.71138795180315e-17
18 28.8922150674684 8.64255950515146e-19
19 6.26981856959875 -5.50633531464761e-17
20 7.2714601192184 -5.80067926381847e-17
21 26.0000481349294 -1.82849002323785e-17
22 -6.02753135479077 3.44951344326156e-17
23 -38.1121139278302 -1.25281819785226e-17
24 -16.1424576093705 -1.60320749369979e-17
25 -9.16054053663867 -6.48623949689453e-17
26 -24.1095040346892 -5.9168498325344e-17
27 -58.4731247351516 8.37214423674044e-17
28 -69.5905047714909 -2.45498382545872e-17
29 -60.6866485491789 8.77356726766005e-18
30 -76.6844835283322 -3.6524484202079e-17
31 -44.1518165633512 3.91411101483054e-17
