-270.334410103411 2.22326913947743e-16
0 -0.0723172102909222 -1.76117913836272e-17
1 20.2537659833039 2.08062349720389e-17
2 10.3938233525291 -9.03388872678286e-18
3 -18.6398694214332 -3.66988318170556e-17
4 -11.0728091236051 4.43654681948121e-18
5 28.127334120099 8.31416483150088e-17
6 14.2770851063237 -1.13445946068925e-18
7 -7.26716849616005 4.88136617173181e-17
8 1.16409773773087 -2.14768027219485e-17
9 -7.1616775456301 2.95230510322329e-17
10 11.6862542771061 3.78087273222744e-17
11 23.1714779510721 2.3049460560684e-17
12 4.76039576166699 -5.0676569512646e-17
13 -38.0848984809344 9.79717834998529e-17
14 -17.6636612566915 -7.43484581174041e-17
15 -0.16949914566611 3.79400174290989e-17
16 -0.430675311515303 3.99212274927267e-17
17 22.8123279061884 5.59705254329854e-17
18 28.2606796945428 -4.49356625404721e-17
19 5.59451286456925 -6.07932486903356e-17
20 10.4568641880216 -2.88499421834815e-18
21 20.2631259719949 1.46141417832942e-17
22 -8.00379238965729 5.77817642185309e-18
23 -28.6116816823131 7.11654494737803e-17
24 -8.99720043387987 3.80229913648903e-17
25 -8.78291854447986 -1.87154753138995e-17
26 -26.5986930766814 -2.31282346247788e-18
27 -51.4815987998485 -2.64055462698635e-18
28 -63.396346036485 4.20749499332787e-18
29 -59.8306022787318 -3.52279591041485e-17
30 -72.9579968304859 1.94591702415887e-18
31 -42.3327489540706 -1.4298622010442e-17
