-220.555287602137 2.23688042954422e-16
0 3.25444410525996 -8.46637665212249e-18
1 20.879337340259 9.53406168213652e-18
2 7.1921878441068 4.91377929918007e-18
3 -12.9240392575045 3.48257596263606e-18
4 -12.096305514819 1.64370272718644e-17
5 4.87930037191206 3.48220538572163e-18
6 11.4617043902161 5.28665379047326e-17
7 4.15738019467282 -3.13582890846172e-17
8 9.7608818302326 -7.06016078752247e-18
9 2.80293451920679 -1.52506870431558e-17
10 12.8643268324368 6.84255096476495e-17
11 18.1669340361358 1.28243611657459e-17
12 3.32230173664999 3.2721588613223e-18
13 -19.8786308230451 -2.64056874420213e-17
14 -13.2074198782933 -1.70801370370672e-17
15 3.24967513452695 8.72388878530358e-17
16 -8.82137332697378 1.46011539447696e-17
17 -6.83318566752164 9.66337537875069e-17
18 17.0004597823668 -2.36625712423383e-17
19 11.0093976206482 1.23852804617129e-17
20 11.0665606113388 -5.71394309001958e-19
21 10.2407094550057 9.72407940663724e-18
22 -8.29491988815562 7.64531938191732e-18
23 -16.1895570474321 1.88391421241986e-17
24 -10.8687783947576 -9.53349699350502e-18
25 -10.7699091187767 -9.47251062130272e-18
26 -22.5854024100705 2.93067752863673e-17
27 -36.7367851514382 -6.9936757597709e-17
28 -51.0861608778438 4.35558458693948e-18
29 -50.385740465868 -1.59545714223241e-18
30 -56.0715178507292 -1.89913257103887e-17
31 -35.1140977338833 7.10470060333225e-18
