-184.44771497734 -7.09871049220839e-17
0 5.88118041386702 -6.7590317515137e-18
1 14.1411937586331 -1.71224886844299e-17
2 4.24173822574076 -7.50633539248867e-18
3 -6.29694793991796 -1.24419963761395e-17
4 -8.81925873356924 -2.46733638927284e-19
5 -0.261562623167976 3.35142702796953e-19
6 4.26899727774161 1.53722362710868e-18
7 5.04574220166667 1.68739551004897e-18
8 7.90034088674258 5.87293823282717e-19
9 15.7145152664102 9.22824749513826e-19
10 19.2411175032198 -1.03225787699513e-17
11 15.4145318551154 -7.68512993043827e-18
12 4.91231201781559 2.15471064565707e-18
13 -9.91028359490204 1.66809021745947e-18
14 -7.58036141215829 -1.877857926847e-17
15 3.32296848360915 1.32381367604796e-17
16 -11.9943957141574 3.13554656414597e-17
17 -12.6856051318297 1.27163644649709e-17
18 5.21916350931085 6.70038354317621e-18
19 9.1234208096424 -8.07462391401737e-18
20 8.92131062379367 -8.57843205243633e-18
21 4.79616016080216 -1.24799716866081e-18
22 -4.23941809062809 8.40313152539416e-18
23 -9.25179195066671 -9.72782046882095e-18
24 -9.39698512047884 3.45398860066622e-18
25 -12.7151630680769 -6.75494658219517e-18
26 -28.7710540470211 -2.75938629087823e-17
27 -48.364707697369 -3.04494580252528e-17
28 -44.8946340173879 3.1255162823289e-18
29 -38.3929380443865 6.47535512352231e-18
30 -36.9120002639129 5.43936324295137e-19
31 -22.1053005218206 7.39795046827959e-18
