-168.399450803763 1.25498157293911e-16
0 4.86496751542324 1.29220964152952e-17
1 17.3263080322577 1.41420620873578e-17
2 5.29511265743084 3.99503089572491e-18
3 -8.56723761494661 8.56456188792501e-19
4 -10.1612337395792 8.35615648986102e-18
5 1.34270727187106 3.95599679407227e-18
6 5.56085103382376 -5.44628067868727e-18
7 4.7214555613498 1.63262071279319e-18
8 9.808495489577 7.74908091795597e-18
9 19.9606555764191 4.03713549181134e-18
10 22.090762302738 -1.2549357802204e-17
11 16.9256880659469 2.69912342598504e-18
12 4.50586527561158 9.47660461388112e-18
13 -12.9006596638377 -9.00713660286542e-18
14 -11.5516963039454 -1.71728165587126e-17
15 1.8105920176661 -4.17262547033256e-18
16 -11.3323059977978 -7.01406807797605e-18
17 -11.3537366505726 -1.4991759659092e-17
18 8.46198668190618 -9.23812954618956e-18
19 10.6244148770722 -9.66902226506572e-18
20 9.79058857286273 1.15718817810725e-18
21 5.70922764607648 1.30770240353039e-17
22 -6.02599673010729 -4.58329527759302e-18
23 -11.7761954454579 -7.7605864488228e-19
24 -10.1698808534134 1.01432195433703e-18
25 -11.6948686901893 6.55222336348564e-18
26 -21.0608109930886 2.34289313210539e-17
27 -31.93762260254 8.21168090349101e-17
28 -45.9936400668732 3.25400059251554e-18
29 -42.514934906302 5.30807313612695e-18
30 -43.2984850914858 6.8957658096762e-18
31 -26.8598240316587 7.49200641846429e-18
