-183.640563284633 8.27005559077262e-17
0 6.05709938160619 7.54882821200944e-19
1 12.00242507746 -1.16551733542192e-17
2 3.68579552523986 1.21492759067842e-18
3 -5.13734938406613 -1.21456760167584e-17
4 -7.96937003388255 -1.08444922376179e-18
5 -0.774397844654315 9.46202858858045e-18
6 3.96724963058973 -3.83698866498304e-18
7 5.09671474910067 5.65443902547502e-18
8 7.04136625541515 -1.37759320959071e-18
9 14.6237266868654 6.6509732879197e-19
10 18.3408808395074 -2.32101144763465e-18
11 14.1759185508826 -8.25525369001935e-18
12 4.75757187880351 5.03998720832096e-18
13 -8.14911270921762 1.0327519795477e-17
14 -6.12567508233558 -6.73645302951346e-18
15 2.97434238805098 -3.09174084355714e-18
16 -11.7163358014331 2.07313431422858e-17
17 -12.9096823168243 3.52536524368818e-17
18 3.72486309947839 2.15029901572345e-18
19 8.32147641595219 -9.22983568191438e-19
20 8.45914855442161 1.74019389709449e-18
21 4.61332034555833 4.17477834574016e-18
22 -3.18289527543921 -8.56985584384538e-19
23 -7.91004825815713 -1.3685228984472e-18
24 -8.97648247707136 -5.19393544648443e-18
25 -13.4557538312384 6.21065732750534e-18
26 -30.5918170134489 2.91061696500259e-18
27 -50.3850402486201 -1.6972422680608e-18
28 -44.3090284754769 1.18005100907522e-17
29 -36.438543078638 1.34003435698788e-17
30 -33.7821585688525 -5.68076763291884e-19
31 -19.6687722642092 1.23213647672347e-17
