-164.232242506213 -5.20955529872043e-15
0 -14.7011376756741 -1.00722381823903e-15
1 -32.016726576243 2.54946526852725e-15
2 -12.5106205667167 -8.12392687843389e-16
3 -54.1427154858002 -7.4647319575627e-16
4 -31.9432065714323 5.51605925288208e-16
5 40.8886504638941 -9.83226810154688e-16
6 -11.6545493534249 -5.43113008270405e-16
7 -39.3115983652067 2.19082925990525e-15
8 -69.3633310031795 -2.71379417780363e-15
9 46.7663159567728 -3.50414142147315e-16
10 -78.8351924344909 -1.19840480132064e-15
11 23.1754365982974 -1.09807996029332e-15
12 48.2675014406738 -5.67760537658243e-16
13 29.1618555738324 -1.79652299980848e-16
14 -59.3259416480802 -1.22634107729835e-15
15 25.4396318389211 2.44113540145974e-15
16 45.5920088802635 1.70644386931114e-15
17 -8.51980376382715 -8.15536874143597e-16
18 14.9672447741097 -1.25973450421091e-15
19 63.6716510973693 1.49641583846449e-15
20 -32.691422845126 -2.65203079404438e-15
21 -47.3723226962953 -1.63136286886652e-15
22 -10.9754361909832 -2.76435413911388e-16
23 -16.437967768948 2.24350341545184e-15
24 -16.6171771187821 -2.27219863295029e-15
25 1.19558409848016 2.33638340156143e-15
26 -14.1226240879493 1.10371781159024e-15
27 9.71183152687513 -2.9984514581897e-16
28 -38.4847101937767 -2.2963402013243e-15
29 33.9542705099829 1.42279851095273e-15
30 -2.24805566170519 3.30166666576148e-16
31 44.2503147419561 -6.51659715772412e-16
