-247.179662168857 -5.15189349554306e-17
0 1.80231963022991 2.54728218227786e-17
1 21.4900720454304 -3.72676144411368e-17
2 9.11534966959501 2.1501225505261e-18
3 -16.6634035983957 1.2892406145842e-17
4 -13.0534067217875 1.27760802877524e-18
5 7.69533698771043 -1.0780753008337e-17
6 6.24546421363267 -9.66264128352973e-17
7 -6.12359380038954 -1.59012083466471e-17
8 8.04719123650721 -1.03728360581551e-17
9 4.11664869895092 7.54021671037886e-18
10 13.4360597685025 2.16990076984449e-17
11 20.4957251491244 1.83566156885794e-17
12 3.84772342377666 3.71202307083146e-17
13 -33.6718588187527 -4.33476081132683e-17
14 -16.6904548822882 -2.14912022820519e-17
15 3.16449876140222 4.14136995457887e-17
16 -1.47805127956002 6.26623680606101e-17
17 23.7378556597016 8.52199848232552e-18
18 26.388892878018 -5.87240883723512e-17
19 6.39453145799652 2.9529686123653e-17
20 11.5499941479903 -1.83031114407445e-17
21 16.125054951581 1.37349921701232e-17
22 -9.52142988137327 -1.22747073690568e-17
23 -21.8817553009779 -1.3851106269976e-17
24 -9.96028275588977 -2.20752314991837e-17
25 -9.52765350383248 -5.44924529400266e-18
26 -25.600209120297 3.83979799092477e-17
27 -44.3643743617374 3.07374139342798e-17
28 -57.7308618934795 -2.39285395877761e-17
29 -56.9480166498937 1.32241607168499e-17
30 -67.353142931654 -3.33970973886584e-18
31 -40.2638853486977 -2.25168885950979e-17
