-148.416335472479 -4.44842866238142e-17
0 -0.13504258182483 2.0581135966306e-18
1 2.92398933105576 -4.2164241323135e-18
2 1.89436309772063 1.19103420295795e-18
3 -2.01653798074527 2.34412838848681e-18
4 -4.660472805808 -9.17290800925098e-18
5 -0.913970265172428 -1.98452760933788e-19
6 3.70487149130377 2.61168492069997e-21
7 5.27899079368298 -1.01790419784312e-18
8 6.2320665402823 4.32110328737835e-19
9 13.3861998838404 1.24125619812223e-19
10 15.5891108360243 -1.80198142129274e-17
11 8.91499434355023 4.60092415080775e-18
12 3.33708494550037 1.93349387426582e-18
13 -2.34655791898619 -2.1755688319832e-18
14 -2.55061428531646 1.0736142606448e-19
15 -0.869210650885072 -2.46244830330639e-18
16 -7.72539190202671 2.38475067691553e-19
17 -9.20918151871558 -3.2570534404296e-18
18 0.0362803926124747 1.7902747201009e-18
19 6.17581891339754 -2.20787960961701e-18
20 7.12198589032693 4.70103285726135e-19
21 4.26592461405876 -2.17362771481241e-18
22 -0.557582338641695 2.43052574910675e-18
23 -4.65847277860499 -2.90368188274694e-18
24 -8.06733084187405 -7.77593892099183e-19
25 -14.2507917735232 -5.47185048578252e-18
26 -26.0783464370189 -3.03654252982773e-18
27 -38.5398353475691 3.57190264553191e-18
28 -36.4862510661526 -5.03797550507123e-18
29 -30.023008774215 2.35279282967643e-18
30 -24.973334995898 -4.68218637418496e-18
31 -13.2160822828571 -1.32035231120204e-18
