-149.218106766767 1.95542585131779e-17
0 0.197015229101823 -5.00363537766796e-18
1 3.2108365904594 5.47684445086737e-18
2 1.95671701522941 -1.66971369727504e-18
3 -2.09530096620099 4.60140060684058e-18
4 -4.77012253553818 5.98036142171071e-18
5 -0.936201366836488 -6.82920313723776e-20
6 3.70405870572563 -6.23423307787059e-18
7 5.26396089123631 -1.77855743099722e-18
8 6.22224146209753 -1.08197871099896e-18
9 13.4064020003951 1.41021456597184e-17
10 15.6854793423134 -4.01906545560325e-18
11 9.06758197268762 1.11063665904773e-18
12 3.37584037338131 1.91161218979508e-18
13 -2.51305014097289 6.2546148081639e-18
14 -2.64210483862866 2.687229671684e-18
15 -0.739297431663599 -9.09741619782694e-18
16 -7.82176243390117 2.10433865507503e-18
17 -9.34274564654586 -9.45973454101496e-18
18 0.114310236325348 -7.73637542374715e-18
19 6.23061129886616 2.93429859448624e-18
20 7.16198626499319 8.92860959004706e-19
21 4.28780304086517 -3.37948499434732e-19
22 -0.605482983520981 -1.17268182243411e-18
23 -4.7272103022412 1.16502323286935e-18
24 -8.08889256905171 3.78976657817362e-18
25 -14.2546844335426 8.31512833147838e-19
26 -26.2141963195031 -3.80166033247464e-18
27 -38.8407372078469 1.18719432026373e-17
28 -36.7306162214693 9.04595894628126e-19
29 -30.2193165960197 7.07182513706695e-18
30 -25.2204827115673 -3.23637171930078e-20
31 -13.3407464853938 -2.64309572582811e-18
