-280.751550262426 3.2406188836705e-16
0 4.00792111764027 -7.18346055021112e-17
1 36.0629689527401 9.50114033491991e-17
2 13.6229050905974 -8.37306185576659e-18
3 -27.9059175816714 1.71055480254848e-17
4 -10.1126048088615 6.34777784445003e-17
5 59.240787228097 -1.2032724173242e-16
6 28.4280351458322 6.28103164820639e-17
7 -8.36967892933443 7.79377602313942e-17
8 -13.9173678259274 -9.94755493255448e-18
9 -25.3411658704181 1.32998854623344e-16
10 1.83061860997724 -2.12644797965035e-17
11 37.1217474404176 4.27520116024505e-17
12 28.3017895084985 -7.3467120335786e-17
13 -31.1604867091262 3.55787719164697e-17
14 -11.3082101001715 2.42290951118935e-17
15 -14.2294404753686 1.46443808595112e-16
16 -9.23365415298643 -1.00419708717418e-16
17 3.53869583286225 6.12382233319598e-17
18 31.8577099257415 -2.91560034217561e-17
19 11.01025824817 -1.54285639620792e-17
20 0.536378844003348 -2.71084424439266e-17
21 22.1736973195263 -5.55766551125122e-17
22 -12.6444550090206 -2.62941614372995e-17
23 -50.5393228764372 6.49363691796722e-17
24 -24.3048062275732 -4.62180704226152e-17
25 13.0982178738511 4.77207068710443e-17
26 -10.3600199605062 2.86760886710575e-17
27 -56.7928254711251 -3.3581468226844e-17
28 -74.8324407526784 1.61105666567764e-18
29 -59.9934383206647 -9.18409590276262e-18
30 -82.7411470265188 1.09826291940993e-16
31 -47.796299301991 -4.01109628729117e-17
