-183.703826719254 9.32860942915007e-17
0 4.19149622343901 -1.28531691092124e-17
1 18.9261337856208 3.61510132584188e-17
2 5.97686030837299 -8.82396572802168e-19
3 -10.105468798368 6.94362317119607e-18
4 -10.9281870134771 8.40997837505113e-18
5 2.71273829652632 -3.18254983411069e-18
6 7.4477003621134 5.12299643715188e-18
7 4.61644738503754 -3.20898432067291e-18
8 10.1872717380251 -6.78674561075667e-18
9 18.0205248918435 2.8167798316626e-17
10 20.7348354071771 4.96230016984196e-17
11 17.350627178406 -2.94767465644496e-19
12 3.88406409995034 2.02497343256928e-18
13 -14.8077860916271 -4.34612605236181e-18
14 -14.0396918328254 -8.96083213508219e-18
15 0.641699685651352 -1.62674795102556e-17
16 -10.7562081441095 6.12658930749035e-18
17 -10.6468657956627 -1.79290052223739e-17
18 11.0661360351315 -9.41826521963898e-18
19 11.3588622129914 -7.4017974095817e-18
20 10.3136192488003 8.46891775096426e-19
21 6.8734866490335 3.43316570737955e-18
22 -6.96962412599603 -1.81445751074501e-17
23 -13.3593403551268 -4.8362757845063e-18
24 -10.5517983214979 -1.30505895487417e-17
25 -11.2949853884551 3.22437208588137e-18
26 -21.0939514905513 2.58048587381023e-17
27 -32.7585888496876 3.22985662421484e-17
28 -47.6171545470029 2.2416797535164e-17
29 -45.3258982232724 -3.94590298478416e-18
30 -47.7620353018531 -1.02725332399844e-17
31 -29.9887459478618 4.47346333876571e-18
