-173.356592480301 -6.24654946631926e-17
0 5.6986039725589 -6.46939059985207e-18
1 10.0880386023811 -4.59376848705542e-18
2 3.265963168933 5.59917012566668e-18
3 -4.28440818007543 -3.51792194166419e-18
4 -7.23754382463792 -4.58553638559929e-18
5 -1.00158621751716 2.95238627721407e-18
6 3.83144089783088 1.63569120722699e-18
7 5.10237784325738 3.30745190079123e-18
8 6.5760031022814 4.07061093974762e-18
9 14.0915967838724 -7.0466082603664e-18
10 17.7121860934589 2.2131700362334e-17
11 12.9997964371164 7.93800455823314e-18
12 4.48151773310113 4.78827725082856e-18
13 -6.72574414326455 -2.35242225276201e-18
14 -5.15726125841539 -7.84740732591642e-19
15 2.26262897795551 -2.88162373307887e-18
16 -10.9657760758415 -3.27507406638243e-17
17 -12.4890536233638 -2.90227016116818e-18
18 2.64729159808711 2.16579266005031e-18
19 7.73645191573141 -4.61463549664143e-18
20 8.11642253380153 4.31535052194491e-18
21 4.54695999930927 -1.24210323106949e-18
22 -2.38679410215932 2.96532117617943e-18
23 -6.9393546708592 -2.28840067916537e-18
24 -8.69448108601379 3.21759582230334e-18
25 -13.808525421994 -1.141055729766e-17
26 -29.2418361220121 -4.48292187334337e-19
27 -46.7012597054363 -8.53809210832335e-18
28 -42.5667707840851 -1.92460355762359e-17
29 -34.9394724572829 -7.16025184745635e-19
30 -31.5196467875082 -3.66073522587521e-18
31 -17.8543576795107 -7.50294726069965e-18
