-171.313457975207 5.0530809259637e-20
0 4.52690364050948 1.32366015132627e-17
1 18.1444091710861 -2.60326753078742e-18
2 5.62551570752575 -7.93982214976579e-18
3 -9.30552202593117 8.56039730926771e-18
4 -10.5402626446898 -1.62753851510967e-17
5 1.98905025249577 -7.09460679404415e-19
6 6.31985413217575 -4.08763983129139e-19
7 4.62017552751646 -8.36840317455673e-18
8 10.1541701952951 1.26284142106144e-17
9 21.6826399528674 9.84562863456823e-18
10 23.1664971931193 -1.61634356299012e-17
11 17.1825678411353 5.33224886816316e-18
12 4.22122882561723 -7.41760869126378e-18
13 -13.7988403356139 -1.11132840262132e-17
14 -12.9814209964392 2.61630654421922e-17
15 1.05230464166935 3.65950702810169e-17
16 -11.0220453205336 -4.33112651058752e-17
17 -10.9634706848106 2.0994699802803e-17
18 9.66776067850456 2.20298005341273e-17
19 11.0253501753189 -7.81705531197312e-18
20 10.0505470753246 -1.40249597823999e-17
21 6.20839975008389 4.28838663979065e-18
22 -6.50487205470373 7.64701344781182e-18
23 -12.5479865083054 -4.68910380992087e-18
24 -10.3706564340914 -8.13335153169367e-18
25 -11.4857422839002 3.72814493126086e-18
26 -20.9488836480346 1.97425733485243e-17
27 -32.0604936164947 -4.69367778783604e-17
28 -46.7423536523153 1.86563241797496e-17
29 -43.8672207507064 -1.16923016317405e-17
30 -45.4307072882505 -4.55957835506989e-18
31 -28.3803544906311 2.76598608925892e-18
