-169.312041455726 -9.49478229385959e-17
0 5.49113156520262 3.55667016969713e-17
1 15.6174349711323 -4.71095373065608e-17
2 4.69132544623726 -1.12781025205331e-17
3 -7.25234170830976 -1.12297863495002e-17
4 -9.42444764223674 -1.03563895017626e-17
5 0.326116518857721 -6.13428319009458e-19
6 4.66793950466315 9.34662034951704e-18
7 4.93842242242595 -6.00281661807282e-18
8 8.72758115343256 -8.14598643982354e-18
9 17.0175745514325 3.15082139162813e-18
10 20.1403234102186 -6.20458692471669e-18
11 16.1765289661382 1.65136131675119e-18
12 4.84699886756019 1.38591530829749e-17
13 -11.2318433607091 -4.28316326994924e-18
14 -9.04295532658882 -1.61594475164412e-18
15 3.00797316605259 1.57619420129027e-17
16 -11.8210198019355 6.45244994090698e-18
17 -12.1532084317712 -1.09998521973601e-17
18 6.51065624847665 4.00646584051284e-18
19 9.78071495912243 7.37483352742746e-19
20 9.29627126076029 -2.30604719889984e-18
21 5.07570027340595 5.25287482239754e-18
22 -5.04639121539849 -1.16011397107922e-17
23 -10.3392580857872 -1.08434334464338e-18
24 -9.74361154645911 5.71958997633466e-18
25 -12.1850631542761 -2.47827723150822e-19
26 -22.9223502762887 6.96388137585123e-17
27 -35.6967734423196 -1.01489299571563e-16
28 -44.9855462885057 -3.21937988544849e-17
29 -40.1062746488476 -1.4729055919805e-17
30 -39.5638409762549 3.25516526281801e-18
31 -24.1098088351562 1.2143840778706e-17
