-173.976791889763 7.12348620591558e-17
0 4.41423011448834 1.08010465060316e-17
1 18.4096415075403 -4.79892163153239e-17
2 5.74020488692687 -5.16690097825123e-18
3 -9.56502655145389 -1.93554087055501e-17
4 -10.6686336242983 -3.41075462731678e-18
5 2.22310853587605 1.30170611612462e-17
6 6.64637718022504 5.15737185759462e-18
7 4.60213092299374 -5.22019346784932e-18
8 10.1981340713688 -6.34399443061896e-18
9 21.3790255718475 -2.32205612160294e-17
10 22.919408003779 4.11632601377172e-17
11 17.2448644460888 1.35191575872509e-17
12 4.11269351781572 9.10758059319399e-18
13 -14.1181815987972 -1.61834114902407e-17
14 -13.4050302517904 8.05810677154587e-19
15 0.850896364316385 -1.29221934711537e-17
16 -10.9221435093699 3.15967994453482e-17
17 -10.8452818411832 -4.98199368586562e-17
18 10.1109926132228 -7.49412400083246e-19
19 11.1469248189713 9.42952369922956e-18
20 10.138151209625 -4.49428623205238e-18
21 6.40980867247471 7.04124371836713e-18
22 -6.66151370642298 -1.04312107454367e-18
23 -12.8137173186737 1.55702302225075e-17
24 -10.4336814133342 7.64073128678635e-18
25 -11.4202701914747 6.19223436090256e-18
26 -20.9731542425439 4.13978882641067e-17
27 -32.24280491687 2.75422644850787e-17
28 -47.0203356063033 2.14494859093996e-17
29 -44.3413058075888 3.58767863417452e-18
30 -46.1849137912637 2.71279947877924e-18
31 -28.9073899559549 -5.7791469804385e-19
