-174.910936292625 1.19328682531836e-16
0 5.79789560130791 1.96970806206488e-17
1 10.4129961995299 4.99555327162958e-18
2 3.33298234693245 7.85793788656795e-18
3 -4.41837375011082 2.3855977098628e-18
4 -7.35946767116032 -3.20697261742319e-18
5 -0.97462474789915 -5.94193612498891e-19
6 3.84902092847933 -3.09294080689908e-18
7 5.10174691032391 -2.54579281601227e-18
8 6.63798287845441 -1.79525103866602e-18
9 14.1617286882113 1.31715917345609e-17
10 17.8121974941276 6.00122843129672e-18
11 13.2002220728959 1.08991258627158e-17
12 4.53339902267266 2.66698911354857e-18
13 -6.95706922163452 -2.23666108330392e-18
14 -5.30755842234084 3.42031904101286e-18
15 2.39639473949261 -2.46825400829903e-18
16 -11.1165122147043 -4.06731104055728e-18
17 -12.5941636380749 1.81365988805301e-17
18 2.81533061650787 7.3601692695281e-18
19 7.82814838014141 -1.00015003433828e-17
20 8.17052649377371 2.20701493015002e-18
21 4.55539765207344 4.5903009459276e-18
22 -2.51116768707828 -3.50106951531759e-20
23 -7.08945352874522 3.44998284068649e-19
24 -8.73678129876704 -1.06726151354043e-19
25 -13.7595009971266 -6.70320698633373e-19
26 -29.4147606200599 2.55627484873454e-18
27 -47.2006972782317 2.72671199493789e-17
28 -42.8724004633905 1.94549350768525e-17
29 -35.1860895678557 -5.08410350765712e-18
30 -31.8765382315086 5.63767483172728e-18
31 -18.1417469788615 -3.41678973706597e-18
