-287.839736068129 -2.01857339279199e-16
0 1.94436173001678 -1.78997825856936e-17
1 30.9370073020334 -1.02689333499586e-16
2 13.7865602077746 5.55326093992549e-17
3 -25.8214074008073 4.17095963886963e-17
4 -10.00393336396 -6.82623852192238e-18
5 55.8633257219863 -4.23956930759722e-17
6 27.6572611715084 1.0435841192215e-16
7 -7.95228652113176 7.65266033412686e-18
8 -11.6914410859799 9.70530350963976e-18
9 -24.1389740491013 -5.47598330070432e-17
10 2.99218116532334 -4.54574348359807e-18
11 34.3944000704825 -4.60458403900068e-17
12 25.2664709254105 -2.61422884298568e-16
13 -32.5379763988666 -5.21506891851842e-17
14 -12.6704050820523 4.11036854870938e-18
15 -10.2848108736658 1.76800057703127e-16
16 -7.38717218055888 -8.97180121174913e-17
17 7.13167236200319 -5.83580289669796e-17
18 30.7112673342395 -8.29668771835585e-18
19 9.37203822158364 1.07097151784939e-16
20 1.72925502570732 1.05382898271854e-17
21 24.6130085849086 5.45189933057073e-17
22 -10.3428987292159 -7.01207755055e-17
23 -48.7802197215898 1.16972426572661e-16
24 -23.9452977190414 -7.71488902131847e-17
25 5.18814747977372 4.30394381158855e-17
26 -13.4969934521991 -1.39858692118841e-16
27 -58.0627111404848 -1.00223197073655e-16
28 -74.8964451391311 8.53555100948158e-17
29 -59.6843527391934 7.92647785154259e-17
30 -80.7563848943636 -9.32470337200685e-17
31 -46.9729828795372 1.27194420180126e-16
