-155.559329793396 1.32305002290646e-18
0 2.54147886158303 -1.03278021397928e-18
1 5.3978552104999 8.71146916471446e-18
2 2.38956969669354 -5.64812157141008e-19
3 -2.70577699168082 -7.08860697733446e-19
4 -5.56253745241784 -4.39204229671089e-18
5 -1.0574223382416 2.77985625377021e-19
6 3.71041662304202 3.55704648173046e-18
7 5.1737431793328 -5.03278742826931e-19
8 6.19527985015318 1.20349264589049e-19
9 13.5497937149372 3.57730248057066e-18
10 16.3622686666324 1.92276479026726e-18
11 10.2490625709122 -4.11756832876103e-18
12 3.69892289363569 1.50168353636347e-18
13 -3.7698263677394 -3.27053538150673e-18
14 -3.35610765697693 1.73392585328481e-17
15 0.222682274924961 -1.22240265643794e-17
16 -8.66919851031854 3.4854699918725e-18
17 -10.3763018736485 -5.57700609688015e-19
18 0.759037988272964 7.36389268519207e-18
19 6.65330865259719 5.78738790515448e-18
20 7.45174290135272 3.37613215559777e-18
21 4.41273810915231 5.01231746537731e-19
22 -1.02752860884747 -4.2125771910114e-19
23 -5.2881654488652 4.40421839532768e-19
24 -8.24942413041004 -2.43123160989612e-18
25 -14.2229814491932 1.9763396241811e-18
26 -27.1854283238259 5.71115493990159e-18
27 -41.1041707681234 -2.73124009190176e-17
28 -38.5249200366441 -7.32542327217088e-19
29 -31.6717460289892 -6.34170038305348e-18
30 -27.0905330371358 3.25931219495561e-18
31 -14.4651619640604 -2.97541498546754e-18
