-168.28168014732 1.50459662384123e-16
0 5.39548921464488 -7.64916632321942e-18
1 15.9075166428394 -1.633298339151e-17
2 4.78693315275832 1.28636070256353e-18
3 -7.4578693337045 1.70135390715894e-18
4 -9.54595894888285 7.41478524810627e-18
5 0.470449075280435 -2.12866438252899e-18
6 4.77739980554272 3.037654260571e-18
7 4.90789371385597 -3.71028665328959e-18
8 8.90986866559865 1.94185832461995e-18
9 17.3651093617284 3.89091642929157e-18
10 20.3712742523014 -6.2350095247389e-18
11 16.3155445633503 -2.15708586721332e-17
12 4.81145755650116 1.52770862366786e-17
13 -11.5028362947598 -5.99049934729816e-18
14 -9.39976141116838 4.66044586187213e-19
15 2.87049839899434 -3.19077311230694e-18
16 -11.7579053928483 -3.06095825453233e-17
17 -12.0259786433645 -4.11089088569351e-17
18 6.80051287434079 5.9567239085264e-18
19 9.91927747364572 7.24908442779965e-18
20 9.37558701017361 4.52393238520628e-18
21 5.1545151281895 -2.54547517865705e-18
22 -5.21007661612097 3.02758692106249e-18
23 -10.5689528542047 -3.64705034982113e-18
24 -9.81506605043502 -1.09429598177362e-17
25 -12.0948906426237 2.26701309724719e-18
26 -22.3495226425526 5.07808251512373e-17
27 -34.4331210157308 1.61441515131354e-16
28 -45.0951945160185 3.18986255188865e-17
29 -40.4812992718088 1.76648721149884e-17
30 -40.1414962929445 -5.05466911274003e-18
31 -24.5410771098975 -8.6496886991241e-18
