-170.958408793756 -5.08200533646069e-17
0 5.58177780098864 1.9142026988921e-17
1 15.3255543881276 5.16133173662304e-17
2 4.59765393342188 8.22398405704985e-19
3 -7.05183874310982 -1.95694609899292e-18
4 -9.30320419133862 -1.71255944719032e-18
5 0.19118796475128 8.68237005367233e-18
6 4.56998064802825 7.71407022280279e-18
7 4.96590888411055 -2.01170324972896e-18
8 8.54982257962288 -1.54527749871549e-17
9 16.7052923207723 -5.059257207871e-18
10 19.9311329676845 -1.70040452439722e-17
11 16.0329382386156 -2.27548342671974e-18
12 4.87457446143536 -2.26884833529958e-18
13 -10.9631677777678 -1.69575996040311e-18
14 -8.70993186346008 -1.931355116074e-17
15 3.11917973594586 -1.48310528038702e-17
16 -11.8755273030653 -3.500988341327e-17
17 -12.2753054692098 1.14494149341153e-18
18 6.23251994726246 -1.31184227706009e-19
19 9.64418532073865 -3.28525257896527e-18
20 9.21834645673821 4.86309849450269e-18
21 5.0055089672294 1.58550450510217e-18
22 -4.88313673735089 6.17388198037872e-18
23 -10.1135607777495 -4.90382666204983e-18
24 -9.67257530812671 -1.54865857189661e-18
25 -12.279749847526 -3.54709163878526e-18
26 -23.6702578932735 -2.69407299203703e-17
27 -37.3666621318849 -1.29083938927214e-17
28 -44.9056024817284 -1.14040986714372e-17
29 -39.7417701978758 2.72418854261587e-17
30 -39.0026621814846 -2.17355712873347e-18
31 -23.6890205042777 5.63111032638606e-18
