-167.682101491876 2.87085935604084e-17
0 5.08509531129318 2.76357557466319e-17
1 16.7658023212212 2.70617321061895e-17
2 5.08567745296325 1.82881471920097e-18
3 -8.10637249000141 -2.88037083017772e-18
4 -9.91313833285819 -4.88173321934229e-19
5 0.96287204682118 1.4850075752144e-17
6 5.19143403125127 -2.50892923628697e-18
7 4.80042825126758 -1.90638881995368e-18
8 9.46556739798198 -4.45254338962051e-18
9 18.7077380628051 -7.58390949324137e-18
10 21.2603127154712 1.68976014369339e-18
11 16.7018611555055 2.56007767373731e-18
12 4.65427046720418 2.27568106774077e-17
13 -12.3314510337328 3.32742776113064e-18
14 -10.6220032021606 2.05862887500685e-17
15 2.30073456670231 1.06766385419036e-17
16 -11.5221892605444 4.23114132977204e-18
17 -11.6254353508959 -8.11619911451177e-18
18 7.75064433539834 -7.56682766213816e-20
19 10.3426038237161 -1.63052077694479e-17
20 9.6212479030436 -9.94847255158069e-18
21 5.45133607582643 1.27146703990764e-18
22 -5.70114365690282 1.41639084787891e-17
23 -11.2816157486255 -3.56577930318406e-18
24 -10.0295090537559 -9.66799876692112e-18
25 -11.8461356969716 -1.35355864971237e-18
26 -21.3504279799898 -2.50414702943893e-17
27 -32.3780731258412 -1.50821274866522e-17
28 -45.5738997238276 -1.16134569815669e-17
29 -41.6693865832147 4.76724259930508e-18
30 -41.9794029625982 2.13099372313391e-19
31 -25.8995432084273 -8.32139284598412e-18
