-261.401033334524 1.58610314122602e-16
0 0.87374701787512 2.40629354820738e-17
1 20.9553380926993 4.49342155258539e-17
2 9.87848687929047 -2.02375935201155e-17
3 -17.8233095370002 -9.93311346196681e-18
4 -11.9746465473837 -4.34437551760416e-17
5 18.502490842498 3.71615941505722e-17
6 10.6028484727918 2.98867105109207e-17
7 -7.07115266877149 -3.60045471446228e-18
8 4.25607907536869 2.16775495304478e-17
9 -1.55651859005719 -1.48168650020038e-17
10 12.613645593301 -8.04526010517922e-18
11 21.9023750586632 9.99442408896924e-18
12 3.79063576585449 -8.41998748104452e-17
13 -37.3112931460409 -4.57315911665754e-17
14 -17.7798303943862 7.86151042448819e-17
15 1.64228195097451 -6.32883254086311e-17
16 -1.16524513469373 5.04271183096796e-17
17 24.0212383292615 -6.04612117750119e-17
18 27.9966517893376 -3.04720102774735e-17
19 5.66175966387365 -3.08236701227419e-17
20 11.1549775187685 2.73360119624223e-17
21 18.2150536523532 8.89452357252796e-17
22 -8.9586807507291 2.38693884536262e-17
23 -25.3330585790873 -3.76449676191386e-17
24 -8.99585000613066 -2.13681001603842e-17
25 -8.92252630143237 -4.85745160818767e-18
26 -26.4116343982491 3.05178912287831e-17
27 -48.1683036900157 9.87823940303753e-17
28 -60.86728099693 3.69644472320987e-17
29 -58.8055978006806 7.51649978785572e-18
30 -70.8004387778019 8.77053206626571e-18
31 -41.5232757180445 1.80725067208545e-17
