-190.137739461637 -3.3970168117035e-17
0 5.98358707514018 8.21163149323575e-18
1 13.5390999556291 -2.20295623061109e-17
2 4.07459930529842 7.22526162615812e-18
3 -5.94583199170502 -3.79054302504193e-18
4 -8.57707442031581 -6.7537819118927e-18
5 -0.440875898421267 2.27978917753495e-18
6 4.1599953704282 -1.04792092791144e-18
7 5.06955699656527 -2.59425015920311e-18
8 7.61803090879415 5.71764885916387e-18
9 15.3348196216087 -6.5568114586166e-18
10 18.9549776759083 -9.4842808499656e-18
11 15.0797197882888 1.11048136967407e-17
12 4.89296344237279 2.20565614813046e-18
13 -9.39652286060771 5.84706843489644e-18
14 -7.11179296848781 -3.97540796578019e-18
15 3.30008370631842 8.67305269125254e-18
16 -11.98392136061 1.43628553422754e-18
17 -12.8247366506279 -4.32191502728613e-18
18 4.76134430240887 -2.54900448260394e-18
19 8.88000329225112 -8.19229090760678e-18
20 8.78184268253317 2.54491049002554e-18
21 4.72530693919196 -6.08466117660126e-18
22 -3.92641981139471 -3.71360419899967e-18
23 -8.84627157732051 -5.68867327375988e-18
24 -9.26719986022561 -1.07100257572413e-18
25 -12.9596824894984 8.87994048861939e-18
26 -31.144764900724 -5.41349344502064e-18
27 -52.8011948305211 -1.30839061780004e-17
28 -44.9580732691488 1.58951379438585e-17
29 -37.7876109390818 -6.18136410474614e-18
30 -35.9529203802846 1.45153212727812e-18
31 -21.3687763153995 -2.91042285328551e-18
