-190.504036968928 -3.44328510412129e-17
0 6.02057095107321 2.35465983146434e-17
1 13.235488734497 1.13046781792532e-17
2 3.9936091501944 -2.57258023296919e-18
3 -5.77642551897568 1.31478218724786e-17
4 -8.45580424100471 7.86639498115069e-18
5 -0.520026474355358 -3.03573078991994e-18
6 4.11335030254274 -1.60682150094141e-18
7 5.07818652116763 -1.37173456503887e-18
8 7.48800917610032 7.96175677379573e-18
9 15.1676502522047 -4.69983289391942e-18
10 18.8221283091807 -1.0091268189272e-17
11 14.9062400809725 3.80974243851303e-18
12 4.87508380615326 -8.83737708301987e-18
13 -9.14278761663348 -1.47125387773336e-17
14 -6.8958880408899 -3.29573461168755e-18
15 3.26273453753187 1.6836191548258e-18
16 -11.9587257271457 -1.59168078700924e-17
17 -12.8733954370872 8.63931254552023e-18
18 4.54251327025596 -2.75859219749018e-18
19 8.76265867830176 -4.2799163103181e-18
20 8.71437329141543 -1.09104902214248e-18
21 4.69637935033691 4.74017283803241e-18
22 -3.77288911191202 6.56309361964206e-19
23 -8.65004228405575 3.02284883051378e-18
24 -9.20497747750591 5.89940801242886e-18
25 -13.0781174778586 -3.02111947157981e-18
26 -31.5757581056996 3.61386606946047e-18
27 -53.3309654829385 -4.37344286491077e-17
28 -44.9385130264601 -9.20919807708491e-18
29 -37.5017791854699 1.14966370209247e-17
30 -35.4936863371315 -4.5834364497509e-18
31 -21.0132318357319 -7.00385074304979e-18
