-255.574788806199 -2.91382016126479e-16
0 8.69152963707667 3.30760719016489e-17
1 49.6919799653 -4.83096771137017e-17
2 6.22780909801069 6.52531595019453e-17
3 -36.0368216138821 -1.14891548965573e-16
4 -10.3356287345114 -9.40206571452273e-17
5 70.5072573570038 1.14072750449894e-16
6 26.6968264278911 -1.45676114400584e-16
7 -11.3064701199467 -5.88157091028126e-17
8 -20.1533359545977 -6.70951738179076e-17
9 -22.566806685174 2.68227099963865e-18
10 0.145200780851868 1.94804590029965e-16
11 46.9343827077665 3.04169531359019e-17
12 36.0075473975288 -5.29406885806568e-17
13 -26.9146726833081 5.91398403772954e-17
14 -6.36069976048016 1.77596833362178e-16
15 -30.6233002935204 1.41267025565809e-16
16 -10.6236470412856 -1.41708612075644e-16
17 -8.19498208979017 -1.57381545043006e-17
18 40.4121126557203 -1.97545729819437e-16
19 20.0603783695567 -6.14019830350957e-17
20 -0.62802636931267 -3.39191520284827e-17
21 13.9863320325293 4.73401067334114e-17
22 -17.8622347441563 1.62189868740253e-17
23 -49.0119970642395 4.39519749443942e-17
24 -21.0103638346645 -3.24244212208946e-17
25 37.5223248734835 9.25490785715308e-17
26 -2.7886460238587 6.96464370550376e-17
27 -55.3306647249317 -6.97446928769191e-17
28 -72.1115703234524 -2.28021269400858e-16
29 -67.3689482553874 6.63384910516938e-17
30 -94.3357894795947 -1.8905775382716e-17
31 -48.893864312824 -6.45772272100364e-17
