-179.904080855265 -4.8388680582553e-17
0 5.9983286787703 1.26198556485431e-17
1 11.3735466907776 -2.10522980432163e-18
2 3.54081092131695 3.88145789471389e-18
3 -4.83961966373054 1.80834475630899e-18
4 -7.72549916795287 -8.91166893110197e-19
5 -0.868541567767099 2.59615598333443e-19
6 3.91307394834487 -5.90614898296742e-18
7 5.09982940600622 4.84199325690027e-18
8 6.86043903300418 6.28724322315292e-18
9 14.4142133944937 -2.91922846663301e-18
10 18.1223214513171 -5.63905126026657e-18
11 13.7922537869876 -1.11634001422591e-17
12 4.6762007241761 -1.53948238163469e-18
13 -7.66539657103619 5.33295472895254e-18
14 -5.78324295211764 -8.11175219153869e-18
15 2.76523586079571 -6.13873011306766e-18
16 -11.51182751846 -4.5591266041647e-17
17 -12.8292321227311 -2.48886514334885e-19
18 3.34692280684579 2.05137262609204e-18
19 8.11686331154719 -4.7695013538311e-19
20 8.33989054145004 3.53011568680071e-18
21 4.58595570290519 3.64640625185082e-18
22 -2.90463887453549 -5.32670786096654e-18
23 -7.56774357538666 -2.46571290945727e-18
24 -8.87471739872898 -2.30541192418939e-18
25 -13.5918902020435 8.47188236627964e-18
26 -30.031683285271 1.96075421795162e-17
27 -48.9215182560793 -3.73290949158917e-18
28 -43.7695307699024 -5.0515280322273e-18
29 -35.9327604874714 2.82349609707354e-18
30 -32.9930251592284 -1.0539383911409e-17
31 -19.0390995415607 -3.3980138400685e-18
