-223.055179924598 3.7538347346903e-17
0 2.81449294637309 2.28077738264008e-18
1 21.4160991343069 3.80651665470557e-17
2 7.85464294431322 -4.56564875785856e-18
3 -14.3752695706617 4.55794781664643e-17
4 -12.6178487888412 -1.05585480318406e-17
5 5.78706163268445 1.62178574967623e-18
6 7.49859474179565 -5.6529849522489e-17
7 -0.617919517109754 2.95773317269361e-17
8 9.56590220640923 -5.15059559401658e-18
9 2.7209046682034 1.21583109248882e-17
10 13.131898162284 -7.16912451757884e-17
11 18.8384217824704 -1.37709204843025e-17
12 3.82522722183152 1.36620767505804e-17
13 -24.029158710286 -1.9324915519449e-17
14 -13.68105577843 6.82296332785969e-17
15 3.96855288619684 9.05829739287958e-17
16 -3.55968589147367 3.42942464519585e-18
17 9.27557640947868 -2.45831548838458e-17
18 20.6529051009522 -1.87737794151022e-17
19 9.49792425786499 3.9497146330468e-18
20 11.3629843001316 -2.66533034069347e-19
21 12.4754794293121 9.68744523166849e-18
22 -8.89970501555804 1.57251666657761e-17
23 -17.8764862306858 8.58976111810586e-18
24 -10.8026935548559 -1.81423163529241e-17
25 -10.4557011969044 1.1890507341398e-17
26 -23.6759684343765 -1.49571901269322e-17
27 -39.2414321346377 -2.75166417384243e-17
28 -53.2314640448353 -2.6667279450565e-17
29 -52.9467171289391 -1.63195014504328e-18
30 -60.3960272484327 3.14154638085569e-17
31 -37.3347145031782 -3.47761023198278e-17
