-281.389163960431 -1.67864318919107e-16
0 -1.38621103172661 -1.07804706640212e-17
1 19.3389792739935 -5.15260023865842e-17
2 10.9002928327581 3.30116973976576e-17
3 -19.5772790693245 1.80593071240932e-17
4 -10.4026797677749 -7.81825527531507e-18
5 36.3336556859031 4.7907336463756e-17
6 18.0274373974378 -7.04499889776662e-17
7 -7.275535534238 2.04168821606177e-17
8 -1.83364916420838 -4.09766305450055e-18
9 -12.3371148196729 -1.30321383477073e-16
10 10.3948521698741 -1.63971461372645e-17
11 24.8145731212928 -5.47983730061433e-17
12 7.00413175993176 -3.4859358599935e-17
13 -37.9187904247552 -2.86957821870812e-17
14 -17.0424865948721 5.05156332526677e-17
15 -2.42729076217459 -4.23126838471413e-17
16 0.112638057415623 5.31356473306831e-17
17 21.5981390370125 -1.72604844687534e-17
18 28.4995233485199 -1.06115722943387e-16
19 5.78116410169125 4.38528720895654e-17
20 9.21613521446338 2.216120534333e-17
21 23.0525640921833 -6.65033801320928e-18
22 -6.82544374193558 -8.88876374848663e-18
23 -32.8999525181588 -2.05361726340226e-17
24 -11.2843448514577 5.71475482992742e-18
25 -8.98915969429214 1.66447621021785e-17
26 -26.0622019156111 1.76501902105694e-17
27 -55.2642469955537 2.82333021978803e-17
28 -66.3112178350925 -1.05873471520472e-17
29 -60.5210595463203 1.86927465964815e-17
30 -74.926322317854 1.99583549918373e-17
31 -43.1782634678855 5.82769255622799e-17
