-201.72984109 -1.36984409337972e-16
0 3.86802481602711 -9.55830800025168e-18
1 19.6569520385361 4.47480447426554e-18
2 6.35165999492364 4.60764747482658e-18
3 -10.9727705192921 -1.55326078424336e-17
4 -11.3218141352702 2.26369555153712e-18
5 3.47085340493384 3.05722425095652e-18
6 9.11229558967609 -1.39581147656457e-17
7 4.83760693174493 3.71551002313099e-18
8 10.0652015153545 -3.67513478597853e-18
9 10.1060324737125 2.84137202156456e-18
10 16.1490822073729 -6.24358573332985e-18
11 17.531458397084 8.35880346782119e-18
12 3.55055900360107 1.39977841420088e-17
13 -16.0480584307234 -1.26490253456646e-19
14 -14.2245524571999 -1.62379039431807e-17
15 1.017775513489 -1.27443165522303e-17
16 -10.6976113748095 1.66639615156496e-18
17 -10.5416623141759 -5.66333993002908e-17
18 12.6942449908704 4.80281798308976e-18
19 11.5515507862022 -1.4695827523145e-17
20 10.5741182573808 2.10872381522905e-18
21 7.74335306257612 -1.03618952159197e-17
22 -7.41891572442769 2.07837180128577e-18
23 -14.2200080865972 3.4328833630638e-18
24 -10.7034719259728 6.93508225564463e-19
25 -11.1186999330919 -1.70980659011174e-18
26 -21.4301541192782 1.06208402465033e-17
27 -33.823471887342 -5.4137687307285e-17
28 -48.6179221840981 2.84764006537423e-17
29 -46.8969532249942 -1.00118941435064e-17
30 -50.3070315182861 1.30640714898188e-17
31 -31.6675122379261 -2.16182925171795e-17
