-306.180710769076 9.16836650093212e-16
0 12.4753677039128 9.25953830393141e-17
1 39.1588542949912 3.41808287403211e-16
2 -36.9876990461428 -3.2322777267224e-17
3 -42.9676339024714 -8.10170073389793e-17
4 4.31687619874982 -3.23019967255848e-16
5 81.6534042667698 2.39437014775319e-16
6 10.8871816313883 9.62771529167127e-17
7 -31.1116485648431 -1.92220010163576e-16
8 -43.204923217163 1.97315760374258e-16
9 -4.22546749640449 6.90492223583601e-16
10 -30.9711006196639 3.3958341419509e-16
11 56.6339238820894 5.56195714485063e-17
12 55.8325596545905 4.85883509533484e-17
13 -14.9841987687336 -5.64011005145064e-17
14 11.0301891228324 -8.0375521053592e-17
15 -32.139352919065 2.78409565367122e-16
16 -15.9990113094328 1.43214071967231e-16
17 -11.8067194535542 2.13827255959402e-16
18 62.4767331018945 -5.85550488305109e-16
19 48.1070170499397 -5.31224053822744e-16
20 7.32406195721152 -7.36184568890288e-16
21 -4.58942359031065 3.72324061049626e-16
22 -19.3279463821044 -5.51623995324416e-16
23 -59.5135428511327 5.87547227306103e-17
24 -28.6633782645906 3.18899999000403e-16
25 75.6884208619067 6.5183138111639e-17
26 5.35171593039047 2.8642362642541e-16
27 -88.00491033583 4.40104766866179e-16
28 -85.3692707920511 -6.23443354233477e-16
29 -83.2805084435326 -3.13402190484086e-18
30 -98.6116068723522 1.61409469051516e-16
31 -45.3586735963649 2.73085680949312e-16
