-325.538201514428 1.78589951258402e-15
0 4.70345542338653 8.65328858914993e-16
1 30.193749359833 -6.87214770766359e-17
2 -44.8557431300954 -2.43891278700614e-16
3 -40.9528209393303 1.954003365362e-16
4 16.0947588393288 3.67890125915066e-16
5 81.6470785412669 1.96231558201772e-16
6 18.0773486366616 -6.68997915514074e-17
7 -29.226935847604 2.09919610629402e-16
8 -51.1324766656273 -3.75965173345557e-16
9 -0.612683760047988 4.00703052914434e-16
10 -40.5095064497496 -6.43397191716263e-16
11 54.3032104113059 -1.3041596882285e-16
12 64.4311669067193 -1.53233907044618e-16
13 -7.00638476204071 -3.52067550460355e-16
14 2.96973933911474 1.98831384661212e-16
15 -26.7396839374552 4.93465583788673e-16
16 -13.582442249609 3.10172171511893e-17
17 -3.06611613092103 4.56069643856027e-16
18 60.7467146656571 2.94586765282415e-16
19 58.9719465545702 -1.41017433190685e-16
20 7.98818161535213 -3.42427186143338e-16
21 -11.7261185386841 -2.90521007135593e-17
22 -12.9868513976184 4.7164149755835e-16
23 -71.4161528650109 4.0737089627522e-16
24 -42.8432956937342 -4.62480553889479e-16
25 68.1429580004967 8.91304535964125e-17
26 6.93702742284176 2.22740301319043e-16
27 -96.4059341964994 -5.95416728074727e-16
28 -85.863465183283 2.04419543358564e-16
29 -83.0816283054866 -2.11202583200176e-16
30 -89.6583857902576 1.31604073703532e-16
31 -49.0789113879082 3.65737532851777e-16
