-210.838174023049 -2.50872806596199e-17
0 3.66039905318958 3.67935936280296e-17
1 20.1062623990835 1.44454410546327e-18
2 6.61657185485604 -1.110619012528e-17
3 -11.5906932262049 -1.99078859453968e-17
4 -11.5835307964011 -1.10451684600382e-17
5 3.96195359295904 -1.65139660979066e-18
6 10.4698573140279 5.69947294383737e-18
7 5.08371955252959 -5.50430243557421e-19
8 9.97527366433468 -1.58503863698118e-17
9 6.27657098247763 1.01610072352626e-17
10 14.2058713078339 5.45648742570169e-17
11 17.6982524663772 -5.87276176763025e-20
12 3.37671957003814 -8.22045475310295e-19
13 -17.0835105630383 2.14680500481602e-17
14 -13.8993905533488 -4.29473232828716e-17
15 1.69264669664911 -1.77385639813995e-17
16 -10.7892300550979 -2.32199965273979e-17
17 -10.6289779271895 2.30836242228899e-17
18 13.9431629694453 1.56541570703646e-17
19 11.54682417894 3.3840377964388e-18
20 10.7434387417663 -1.3138892733493e-18
21 8.45649727347591 5.89421993562693e-18
22 -7.71164102983424 -6.79151017108498e-18
23 -14.8306001541577 1.42195656020316e-17
24 -10.7826927642189 -1.65578000529271e-17
25 -11.0056927213666 -6.70737156499105e-18
26 -21.7466754099943 4.56155476528016e-18
27 -34.6874290519593 -7.1866651581949e-17
28 -49.3631087572188 -8.10977578132842e-18
29 -48.0087233768347 9.38018403005199e-18
30 -52.1277525150586 2.40784997124796e-17
31 -32.8125467391087 7.70447051606721e-19
