-166.168835613157 -4.61604810054617e-17
0 4.93952750825138 -1.9090393272178e-17
1 8.42976295633834 5.20351750670024e-18
2 2.94377637541201 1.56214051297374e-18
3 -3.65976066063255 -7.435361090117e-20
4 -6.63048581327612 4.04620580295485e-18
5 -1.0828692887263 4.9964355976163e-18
6 3.76530722004924 -7.90211153709319e-20
7 5.11153133710849 4.610012108471e-18
8 6.34662525442131 -6.27439655678624e-19
9 13.8225245121501 -1.10268337260341e-17
10 17.2258065100344 -1.09623356964046e-17
11 11.9903532139355 -5.36890068965165e-18
12 4.20300885258796 -5.92570132683319e-19
13 -5.60727994550473 -9.18183714823661e-19
14 -4.45454805699217 1.56108172178968e-18
15 1.54756385547006 -1.39739348705877e-17
16 -10.1320046567685 9.60133021536431e-18
17 -11.8187578054035 -1.30523542007151e-17
18 1.87460041165578 8.25045383665158e-18
19 7.30892970459722 -6.73034733368533e-18
20 7.861292864074 3.82738895824749e-18
21 4.50854593595005 2.68435328896728e-18
22 -1.81879190262999 -4.179507613029e-18
23 -6.25678031338188 4.58470699917178e-18
24 -8.50745589893772 9.57994263344614e-18
25 -14.0130950514471 -3.90923351677594e-18
26 -28.4706191960258 4.86959241376497e-18
27 -44.4820797319217 -2.30588485091828e-17
28 -41.0580662131956 -1.22582431661445e-18
29 -33.7266909195883 -6.57241098206187e-18
30 -29.8272901288674 8.4110371662352e-18
31 -16.5014165418934 1.49381318856189e-18
