-225.271927877503 6.92267322296731e-17
0 2.68748135132181 6.28992549415255e-18
1 21.5006926612253 7.89166479741043e-18
2 8.0391515064128 2.17951812309978e-17
3 -14.7517969822592 -1.07210371855556e-17
4 -12.7564154045434 1.42632583848941e-17
5 5.96397055321768 -6.43632102186968e-18
6 6.49225430003676 1.46093419299264e-17
7 -1.89464444710085 -1.81260815547684e-17
8 9.53083177667454 -2.53302379433241e-17
9 3.06320554565354 -4.35123648447692e-17
10 13.2752302990893 -1.95231212291065e-17
11 19.0458896376295 -2.59590187345025e-17
12 3.98778629632595 9.12169780898156e-18
13 -25.3609888859648 -3.79209591877856e-17
14 -14.0326774956543 -4.74053282703499e-17
15 3.97738633544587 2.61867294251561e-17
16 -2.75645535129024 -5.71309605707238e-18
17 12.9577294983371 4.05997714695563e-17
18 21.5976278476103 1.16317387760118e-17
19 8.97604841814087 -2.4636376787365e-17
20 11.4287783942708 -2.11227782430357e-17
21 13.0815434889918 -5.93628923867388e-18
22 -9.05174837345366 1.46420232844746e-17
23 -18.3838878725115 1.49501315190387e-19
24 -10.7464814587005 1.84689887262485e-17
25 -10.3495247009398 7.0850070873086e-18
26 -23.9819753156114 1.67534646637428e-17
27 -39.9554202883749 6.34664846718702e-17
28 -53.8561030556864 1.81908089891544e-17
29 -53.6090726064353 3.15759765520616e-17
30 -61.5278642926595 3.70609384020068e-17
31 -37.8624792567012 1.78723951870658e-18
