-163.549432553077 1.53634041879597e-17
0 4.51190068582616 -1.53405607681634e-17
1 7.75443825603835 1.92320242395668e-17
2 2.81916794163843 -4.46315777124078e-19
3 -3.429771227087 -3.13805413460024e-18
4 -6.38969403474579 -6.13357732930517e-19
5 -1.09381393021698 -4.55774311701752e-19
6 3.74709737927122 -1.81741506745252e-19
7 5.11966130492635 -2.65253661388604e-18
8 6.28785337408955 -2.92572238589529e-18
9 13.7444895052006 -1.57219902922239e-18
10 17.0342089908506 1.33557684610295e-17
11 11.5897257735458 4.20615385782804e-18
12 4.08761868671551 -5.04944574289863e-18
13 -5.17865870009511 7.03587917636785e-18
14 -4.1930501242926 1.46458349327373e-17
15 1.25099954138485 5.50402009125845e-18
16 -9.78618169263362 -6.62767988187021e-18
17 -11.5071547665582 -2.51874070125933e-18
18 1.59668370141119 -1.44405000291071e-18
19 7.1512943183694 -2.88838235013716e-18
20 7.76550018878275 1.20702194983738e-18
21 4.4919568486948 -2.74368088831455e-18
22 -1.61734956025346 -8.62279540304877e-19
23 -6.01412450167114 -3.48977574268773e-19
24 -8.4426657660824 7.85746584216505e-18
25 -14.0770848786003 2.52751102156736e-18
26 -28.1804305013997 -1.17582290294684e-17
27 -43.677445842986 1.88536828564598e-17
28 -40.4729358964048 -2.91050402727629e-17
29 -33.2538359791457 -6.57297567069337e-19
30 -29.1871751467827 9.87403953134072e-18
31 -16.0006565008668 2.39406803933534e-18
