-296.848021406978 1.65781729599605e-16
0 -2.69037678988982 3.73655879187026e-17
1 20.1428101938144 -1.23514344368622e-17
2 12.0846233215905 -1.70750548393837e-17
3 -21.6713736037125 7.33756407774823e-18
4 -9.9318421347833 -2.69890107983638e-17
5 46.3922164312321 1.09896878019931e-17
6 23.4362525406871 -5.42832358020548e-17
7 -7.32321048840719 -9.11740617538214e-17
8 -6.31626690925007 -4.1853027301098e-17
9 -18.8401672611102 4.72271690071108e-17
10 7.35126111740526 -2.78028682885173e-17
11 28.4110795415434 1.12197984193305e-16
12 14.6297763181895 8.3142636520114e-17
13 -35.7474933595548 5.59465261661465e-17
14 -15.6400307912261 1.00659983730122e-16
15 -5.27902152888689 5.94165378067319e-18
16 -1.61456463015381 2.56809095834873e-17
17 17.1041356319339 -2.24117982761232e-16
18 29.1406349571621 1.40503566536017e-16
19 6.69849325529584 -6.44751597398922e-17
20 6.01909245275958 5.78387977703126e-17
21 26.9943723403624 6.15126620068703e-17
22 -6.13323112019327 -4.01550085861688e-17
23 -40.9236465059273 -4.43150697344505e-17
24 -18.8064073910258 1.11400079156991e-16
25 -8.61405854781361 5.37987329562254e-17
26 -22.3141996281932 -2.25265588879124e-17
27 -59.3358780239477 -5.27057781099516e-17
28 -71.2920083878538 9.30268051537823e-18
29 -60.5286438395309 -9.08150609563434e-17
30 -77.5196321721911 6.16738806111644e-17
31 -44.7307163953029 -6.0990607367046e-18
