-217.353999050498 -6.77721649010006e-17
0 3.45734682600451 -2.26433788485545e-17
1 20.5167069284802 -8.66458236177998e-18
2 6.89577062278594 1.16354092521165e-18
3 -12.241252204767 9.97282474881426e-18
4 -11.8417277786997 8.33635709471894e-18
5 4.42666362992155 7.91389941227586e-18
6 11.5532014138643 -1.08411746919078e-17
7 5.07346908596769 -7.90429970554032e-18
8 9.87515394400562 -2.5462163324859e-17
9 3.97243571013716 -5.917075707987e-17
10 13.2160281022227 -2.06476986387444e-17
11 17.9093101576006 5.02036427837624e-18
12 3.28647837993486 2.004390531951e-17
13 -18.3439262549986 7.3674925752179e-18
14 -13.4761440728332 1.57932116458722e-17
15 2.50916053230537 4.68776267442103e-18
16 -10.5168443135563 -1.87708147997868e-17
17 -10.1967194136162 2.09635007559124e-17
18 15.3687553164269 2.33442280263285e-18
19 11.383204923488 1.75986623729447e-17
20 10.9077774810593 -1.46720223680233e-18
21 9.28752876012499 3.16677384546808e-18
22 -8.00221532630459 4.07182854960929e-18
23 -15.4819785459411 -7.70150590075185e-18
24 -10.8396625799217 9.10119255305011e-18
25 -10.8916876391061 3.38742592822783e-18
26 -22.1326318543348 2.69403064038967e-17
27 -35.6593652820231 -1.30916000606047e-18
28 -50.181384002554 -2.98322180579807e-17
29 -49.1721351360753 2.70612909431962e-18
30 -54.0495189196332 -2.00782101538738e-17
31 -33.9657975404622 -3.84860007496832e-18
