-220.896966181239 3.40570013466924e-16
0 3.15080875245083 1.94007249682282e-17
1 21.0394601997553 5.5073658714001e-17
2 7.34809394814596 1.24282320907466e-17
3 -13.2769366608261 1.13605470607325e-17
4 -12.2234860879717 1.98587227414165e-17
5 5.10954529081732 2.19293300740191e-17
6 10.7978066945873 6.31718583783836e-17
7 3.23048887781068 -4.1883661659357e-18
8 9.70323531302359 6.65485552226128e-18
9 2.53693560600433 1.42626231101836e-18
10 12.8454209060023 3.70471035305349e-18
11 18.3141339013759 3.18658912247791e-17
12 3.39764242262865 5.62542814703156e-18
13 -20.7662494795853 1.77807744566044e-17
14 -13.1861691692557 -1.39735025308542e-17
15 3.53648586568971 -4.80973541882567e-17
16 -7.42264137327719 -6.8841896927304e-18
17 -3.42155545498275 -1.05721711450756e-17
18 17.8830121608307 2.4716986089512e-17
19 10.7293691196079 1.81766917733668e-17
20 11.1437438774541 -7.97919153529339e-18
21 10.7619143037206 2.48553348042302e-17
22 -8.44348235054364 -1.06572273701957e-17
23 -16.5712351480304 -9.97381295391939e-19
24 -10.8703789174943 -3.65226489640267e-18
25 -10.702985404925 1.41770374894715e-17
26 -22.8358847514944 1.00054355172836e-17
27 -37.3165517039702 3.68001934264103e-17
28 -51.5763518886717 -1.00415755896997e-17
29 -51.0103788370719 2.70823255947196e-17
30 -57.1190290837806 6.97581042319173e-18
31 -35.6817471092629 2.45424267162987e-17
