-167.975491710355 -8.67844987931332e-17
0 4.97593841190032 -1.54761389792833e-17
1 17.0473674094738 -1.90052664609789e-17
2 5.18934286361894 3.18205573155812e-18
3 -8.3338165457331 -8.23376022898277e-18
4 -10.036782557726 1.54106703910685e-17
5 1.14756635219298 1.83267930702282e-18
6 5.36501226303878 8.97007891142303e-19
7 4.76104856282833 -2.09224196579706e-18
8 9.64319987104735 1.08176695276215e-18
9 19.2940604176796 -1.16411267245105e-17
10 21.6494777922182 1.33765207682373e-17
11 16.8179903797738 7.17846305582232e-18
12 4.58443896245564 1.09652650186805e-17
13 -12.6139707448417 -4.02601818437863e-18
14 -11.0777270596928 -9.75690193334336e-18
15 2.06384211481269 2.198177553067e-17
16 -11.4300074888357 -1.98088536766469e-17
17 -11.4893266873817 -2.85500395805942e-18
18 8.09779098479783 -5.69432016007491e-18
19 10.4841264317142 -8.14563350942883e-19
20 9.70543085864682 -1.42678994195843e-17
21 5.57358120605954 9.72323237369e-19
22 -5.8639862337564 -3.42596592732789e-18
23 -11.526954702537 -2.97950897804594e-18
24 -10.1001420133223 5.56115952215864e-18
25 -11.7692145301076 2.86734769861368e-18
26 -21.1783542632609 1.15630938142447e-17
27 -32.0903452230788 -2.40311717465518e-17
28 -45.7750127027268 -8.85272955518885e-18
29 -42.0867069768849 -1.18857074880302e-17
30 -42.629132041476 -7.33022312553872e-18
31 -26.3742268212517 -1.14772258492168e-17
