-152.667076375152 3.14792030378378e-17
0 1.54909508069196 -2.28991651521056e-17
1 4.42735046222114 -5.67917944614274e-18
2 2.20494529514174 6.69210732542074e-18
3 -2.43109599751508 9.84428749906841e-19
4 -5.21793497683929 -1.90681233642731e-18
5 -1.01374792653394 5.68959089278608e-19
6 3.70475394801311 -3.19620824038516e-18
7 5.20868227940832 1.8229913676886e-18
8 6.19615531319065 -3.8575998000329e-18
9 13.4863828177345 1.42056954375203e-17
10 16.0722821741539 1.50132354736088e-17
11 9.71950595647891 3.66653210760798e-18
12 3.55002575150626 5.53063104301802e-18
13 -3.21192315520763 -3.17965580487424e-18
14 -3.03460701788874 -9.13383861455883e-20
15 -0.200189415096666 -3.42360129368348e-18
16 -8.26875613420659 -7.08467180343364e-18
17 -9.91383890231696 9.18242830664772e-18
18 0.460704072929036 -8.63532443206026e-19
19 6.46349596923084 3.3131693731852e-18
20 7.32523397839561 -1.89456565173159e-18
21 4.36525532121306 2.97301505878366e-18
22 -0.827316778038577 5.11205559491652e-18
23 -5.02963902786174 6.39331645327679e-18
24 -8.17798702492244 -1.12867140221635e-18
25 -14.2497359022225 -2.73662228042076e-19
26 -26.7655016330522 1.76084032518381e-17
27 -40.0993044061726 -8.91713935221965e-18
28 -37.7376254632723 1.26604955834916e-17
29 -31.0326589689934 3.55035624493613e-18
30 -26.2600074960476 -5.33126066305804e-18
31 -13.9290745692727 -8.07155341958357e-18
